# Erdos-Renyi general graph G(n, p)
# nodes=150 edge_probability=0.01 seed=42 edges=113
# first data line: '<node count> <edge count>', then one '<source> <target>' pair per line
150 113
0 20
0 125
1 122
1 143
2 3
2 74
2 100
2 133
3 41
4 99
6 10
7 12
7 119
8 13
8 19
9 96
12 98
12 127
13 116
14 132
14 140
15 39
15 107
17 47
17 137
18 33
18 53
18 58
18 77
19 95
19 108
19 115
21 27
21 93
23 57
23 61
24 38
24 131
25 118
27 68
27 95
28 36
28 79
29 148
30 67
30 97
30 148
32 111
32 116
32 120
32 124
33 96
33 142
35 146
37 128
38 89
38 107
39 72
40 89
40 106
42 146
43 142
44 59
45 46
46 107
47 93
54 74
55 81
55 125
57 75
57 99
60 65
60 70
60 106
60 129
61 105
62 107
62 134
64 102
64 135
65 116
66 127
68 72
69 117
70 73
70 78
71 118
72 120
73 133
74 120
74 148
76 98
79 93
81 91
81 130
83 103
84 132
85 136
86 93
87 103
95 117
96 130
97 106
97 110
109 144
110 147
111 124
116 121
117 143
121 123
123 137
126 142
128 147
