# Erdos-Renyi general graph G(n, p)
# nodes=100 edge_probability=0.02 seed=42 edges=89
# first data line: '<node count> <edge count>', then one '<source> <target>' pair per line
100 89
0 20
1 3
1 27
1 29
2 75
2 96
3 7
3 78
4 9
4 42
4 96
5 39
6 26
6 65
7 20
9 37
10 22
10 92
11 12
12 24
12 59
12 65
12 76
15 27
15 44
15 65
19 48
20 38
20 67
21 27
22 37
22 54
23 50
24 37
24 45
24 47
24 51
24 78
25 72
27 36
28 61
29 81
30 39
30 59
30 64
30 83
31 65
32 96
33 43
33 50
34 55
35 90
36 93
40 68
40 72
42 59
42 75
43 63
43 96
45 98
48 80
49 87
50 65
50 92
51 79
52 75
52 98
55 62
56 86
57 82
58 71
59 82
60 99
62 76
64 95
65 66
65 70
65 74
66 69
67 97
69 82
69 86
74 92
77 87
78 80
78 90
78 96
84 93
94 97
