# Erdos-Renyi general graph G(n, p)
# nodes=150 edge_probability=0.03 seed=42 edges=309
# first data line: '<node count> <edge count>', then one '<source> <target>' pair per line
150 309
0 2
0 10
0 13
0 20
0 101
0 125
0 127
1 122
1 143
2 3
2 30
2 48
2 74
2 100
2 121
2 133
3 41
3 53
3 61
3 64
3 78
3 88
3 103
3 149
4 13
4 52
4 99
6 10
6 84
6 94
6 141
7 12
7 19
7 20
7 111
7 119
8 13
8 19
8 30
8 38
9 78
9 84
9 96
9 113
9 134
10 122
11 36
11 85
11 149
12 29
12 98
12 127
13 29
13 116
13 117
13 133
14 70
14 132
14 140
14 142
14 146
15 39
15 87
15 107
15 116
16 83
16 95
16 128
17 47
17 137
18 33
18 53
18 58
18 77
18 127
19 47
19 95
19 108
19 115
20 56
20 67
20 81
20 140
21 27
21 35
21 93
21 146
22 117
22 146
23 54
23 57
23 61
24 38
24 54
24 98
24 131
25 62
25 118
26 102
26 133
27 68
27 95
27 122
28 36
28 79
28 102
29 68
29 81
29 148
30 67
30 97
30 138
30 148
31 86
31 138
32 60
32 71
32 85
32 111
32 116
32 120
32 124
33 36
33 96
33 142
33 146
34 131
35 58
35 103
35 122
35 126
35 136
35 146
36 39
36 53
36 70
36 141
37 128
38 89
38 90
38 100
38 107
38 112
39 54
39 72
39 93
40 89
40 106
40 137
41 108
41 148
42 70
42 77
42 146
43 140
43 142
44 59
45 46
45 59
45 71
46 107
46 137
47 92
47 93
47 147
48 77
48 119
50 56
50 61
50 76
50 130
51 82
51 131
52 84
53 64
54 60
54 74
55 81
55 98
55 100
55 113
55 125
56 60
56 94
57 73
57 75
57 99
57 127
59 84
59 95
59 112
60 65
60 70
60 103
60 106
60 129
60 134
61 105
61 109
62 71
62 107
62 134
63 69
63 77
63 80
64 102
64 135
64 145
65 116
66 90
66 104
66 127
67 139
68 72
68 106
68 124
69 86
69 117
70 73
70 78
70 116
71 118
72 120
73 85
73 102
73 133
74 107
74 120
74 148
76 98
76 149
77 144
78 118
79 93
79 141
80 88
80 97
80 122
81 91
81 130
81 132
82 86
82 116
83 85
83 103
84 132
85 136
86 93
86 110
86 112
87 103
87 115
88 92
88 128
88 138
89 92
89 93
89 145
90 97
91 99
91 101
92 95
92 128
93 129
94 104
94 115
95 109
95 117
96 114
96 130
97 106
97 110
97 148
98 100
100 138
101 124
102 107
103 130
104 115
106 109
107 136
109 139
109 144
109 146
110 147
111 124
113 118
113 141
114 128
114 139
115 119
116 121
117 143
120 136
120 148
121 123
121 149
122 138
123 137
126 142
127 129
128 129
128 147
132 141
135 143
138 141
141 142
142 143
143 148
