# Erdos-Renyi general graph G(n, p)
# nodes=150 edge_probability=0.2 seed=42 edges=2256
# first data line: '<node count> <edge count>', then one '<source> <target>' pair per line
150 2256
0 2
0 8
0 10
0 13
0 14
0 20
0 24
0 27
0 28
0 42
0 45
0 47
0 57
0 59
0 68
0 89
0 90
0 91
0 95
0 101
0 107
0 114
0 120
0 125
0 127
0 132
0 135
0 137
0 140
1 7
1 13
1 18
1 22
1 28
1 29
1 36
1 41
1 50
1 56
1 60
1 71
1 77
1 81
1 83
1 84
1 88
1 105
1 109
1 116
1 122
1 127
1 128
1 129
1 140
1 143
2 3
2 4
2 10
2 11
2 19
2 24
2 30
2 39
2 48
2 49
2 59
2 61
2 64
2 74
2 81
2 92
2 100
2 111
2 112
2 120
2 121
2 125
2 128
2 133
2 136
2 138
2 141
3 20
3 25
3 29
3 41
3 53
3 57
3 59
3 61
3 64
3 66
3 68
3 77
3 78
3 87
3 88
3 89
3 90
3 96
3 99
3 102
3 103
3 109
3 112
3 116
3 126
3 143
3 149
4 6
4 13
4 15
4 23
4 36
4 37
4 38
4 41
4 48
4 49
4 51
4 52
4 58
4 65
4 66
4 71
4 73
4 74
4 78
4 96
4 97
4 98
4 99
4 118
4 119
4 124
4 130
4 131
4 135
4 143
4 148
5 8
5 29
5 39
5 43
5 46
5 50
5 76
5 83
5 88
5 97
5 108
5 122
5 123
5 129
5 135
5 139
5 143
5 144
5 149
6 10
6 14
6 22
6 36
6 57
6 60
6 61
6 73
6 75
6 84
6 92
6 94
6 99
6 104
6 108
6 110
6 117
6 119
6 123
6 128
6 134
6 135
6 141
6 144
6 146
7 10
7 12
7 14
7 15
7 17
7 19
7 20
7 24
7 25
7 32
7 35
7 41
7 47
7 48
7 50
7 59
7 71
7 75
7 77
7 79
7 80
7 87
7 100
7 111
7 115
7 119
7 123
7 125
7 134
7 135
7 136
7 145
8 10
8 13
8 16
8 19
8 21
8 27
8 29
8 30
8 37
8 38
8 44
8 53
8 55
8 63
8 64
8 68
8 80
8 81
8 85
8 89
8 91
8 105
8 106
8 107
8 112
8 117
8 125
8 126
8 135
9 15
9 20
9 21
9 23
9 27
9 30
9 32
9 36
9 60
9 65
9 72
9 78
9 79
9 84
9 89
9 93
9 96
9 97
9 103
9 106
9 110
9 113
9 116
9 122
9 124
9 134
9 142
9 145
10 12
10 16
10 17
10 18
10 25
10 30
10 43
10 48
10 55
10 62
10 68
10 71
10 72
10 87
10 99
10 104
10 109
10 118
10 120
10 122
10 128
10 135
10 144
10 148
10 149
11 12
11 13
11 23
11 27
11 29
11 36
11 37
11 52
11 53
11 63
11 70
11 76
11 85
11 91
11 105
11 107
11 113
11 120
11 123
11 124
11 132
11 149
12 20
12 24
12 26
12 28
12 29
12 31
12 38
12 39
12 45
12 54
12 68
12 86
12 93
12 96
12 98
12 105
12 110
12 116
12 118
12 127
12 129
12 138
12 139
12 140
12 143
12 148
13 17
13 19
13 20
13 29
13 32
13 33
13 40
13 45
13 46
13 58
13 61
13 63
13 67
13 70
13 73
13 79
13 87
13 89
13 92
13 94
13 111
13 116
13 117
13 128
13 133
13 135
13 136
13 139
13 145
14 20
14 24
14 37
14 49
14 55
14 57
14 62
14 70
14 73
14 88
14 97
14 102
14 114
14 116
14 122
14 123
14 132
14 140
14 142
14 146
15 17
15 18
15 19
15 20
15 35
15 38
15 39
15 40
15 46
15 48
15 53
15 54
15 58
15 66
15 67
15 74
15 79
15 87
15 96
15 100
15 101
15 106
15 107
15 111
15 112
15 116
15 118
15 124
15 129
15 131
15 134
15 138
15 143
15 144
16 22
16 37
16 58
16 71
16 76
16 83
16 95
16 96
16 99
16 101
16 112
16 116
16 119
16 120
16 125
16 128
16 130
16 137
16 138
16 140
17 25
17 26
17 27
17 29
17 33
17 35
17 42
17 45
17 47
17 48
17 57
17 58
17 63
17 68
17 69
17 74
17 78
17 95
17 96
17 99
17 110
17 116
17 130
17 137
17 144
18 26
18 27
18 30
18 33
18 37
18 39
18 46
18 53
18 55
18 58
18 63
18 64
18 67
18 70
18 73
18 75
18 77
18 82
18 86
18 87
18 93
18 95
18 108
18 112
18 119
18 127
18 128
18 130
18 131
18 138
19 21
19 25
19 26
19 33
19 36
19 41
19 42
19 47
19 50
19 53
19 60
19 65
19 70
19 81
19 85
19 89
19 95
19 104
19 108
19 115
19 119
19 123
19 126
19 133
19 134
19 135
19 137
19 149
20 24
20 25
20 33
20 34
20 38
20 41
20 48
20 55
20 56
20 59
20 67
20 68
20 71
20 75
20 77
20 81
20 83
20 85
20 88
20 94
20 96
20 97
20 111
20 116
20 122
20 127
20 135
20 140
20 145
21 23
21 27
21 30
21 35
21 45
21 47
21 48
21 53
21 60
21 63
21 70
21 77
21 81
21 83
21 90
21 92
21 93
21 101
21 106
21 107
21 112
21 113
21 118
21 122
21 124
21 126
21 127
21 129
21 136
21 139
21 145
21 146
21 147
21 149
22 28
22 30
22 38
22 41
22 55
22 63
22 65
22 69
22 79
22 91
22 97
22 105
22 107
22 110
22 117
22 123
22 125
22 132
22 140
22 143
22 146
22 147
23 32
23 33
23 36
23 40
23 46
23 54
23 57
23 61
23 75
23 83
23 84
23 92
23 106
23 109
23 120
23 121
23 122
23 126
23 129
23 142
23 148
24 25
24 36
24 38
24 41
24 45
24 51
24 52
24 54
24 57
24 63
24 66
24 78
24 84
24 87
24 90
24 94
24 98
24 104
24 112
24 114
24 116
24 117
24 118
24 119
24 120
24 126
24 131
24 136
24 137
24 140
24 146
24 147
24 148
25 29
25 31
25 34
25 39
25 41
25 50
25 52
25 54
25 59
25 62
25 66
25 68
25 70
25 83
25 92
25 94
25 98
25 102
25 112
25 115
25 118
25 119
25 128
25 136
25 145
25 146
25 147
26 27
26 29
26 35
26 44
26 47
26 53
26 56
26 69
26 90
26 102
26 103
26 105
26 107
26 114
26 116
26 133
26 148
27 28
27 29
27 34
27 39
27 40
27 42
27 52
27 53
27 57
27 68
27 87
27 89
27 92
27 95
27 96
27 101
27 109
27 112
27 113
27 122
27 130
27 132
27 135
27 142
27 147
28 35
28 36
28 47
28 50
28 51
28 60
28 61
28 65
28 67
28 79
28 85
28 92
28 96
28 100
28 101
28 102
28 104
28 127
28 130
28 139
28 141
28 147
29 36
29 51
29 52
29 53
29 56
29 59
29 66
29 68
29 69
29 71
29 73
29 75
29 77
29 81
29 85
29 89
29 94
29 103
29 108
29 109
29 112
29 115
29 117
29 125
29 135
29 136
29 143
29 147
29 148
30 34
30 58
30 65
30 67
30 68
30 69
30 72
30 74
30 75
30 90
30 94
30 95
30 97
30 98
30 106
30 107
30 115
30 120
30 121
30 138
30 139
30 140
30 148
31 33
31 36
31 46
31 53
31 54
31 61
31 74
31 81
31 86
31 103
31 104
31 107
31 112
31 114
31 116
31 128
31 138
31 139
31 142
31 145
32 38
32 39
32 45
32 46
32 59
32 60
32 65
32 66
32 67
32 68
32 71
32 74
32 76
32 83
32 85
32 96
32 111
32 116
32 120
32 124
32 129
32 145
33 35
33 36
33 37
33 39
33 40
33 45
33 56
33 58
33 60
33 64
33 70
33 80
33 85
33 89
33 92
33 94
33 96
33 97
33 102
33 103
33 104
33 109
33 113
33 120
33 123
33 129
33 130
33 137
33 138
33 142
33 145
33 146
34 45
34 47
34 49
34 53
34 62
34 67
34 69
34 77
34 78
34 82
34 85
34 89
34 92
34 98
34 99
34 102
34 131
34 138
34 139
34 141
34 146
35 38
35 47
35 48
35 58
35 62
35 64
35 67
35 76
35 77
35 79
35 81
35 84
35 85
35 89
35 93
35 97
35 103
35 109
35 110
35 112
35 116
35 117
35 122
35 124
35 126
35 134
35 136
35 139
35 140
35 144
35 146
36 39
36 45
36 49
36 53
36 58
36 70
36 73
36 76
36 83
36 89
36 96
36 99
36 105
36 119
36 120
36 137
36 138
36 139
36 141
36 147
37 44
37 57
37 65
37 73
37 75
37 79
37 83
37 86
37 96
37 97
37 111
37 113
37 120
37 121
37 128
37 134
37 141
37 142
37 144
38 39
38 41
38 47
38 51
38 55
38 59
38 66
38 80
38 85
38 89
38 90
38 92
38 100
38 107
38 112
38 113
38 140
39 41
39 49
39 54
39 57
39 62
39 67
39 72
39 76
39 78
39 86
39 90
39 91
39 93
39 99
39 103
39 107
39 110
39 111
39 113
39 127
39 146
40 41
40 44
40 45
40 67
40 75
40 77
40 78
40 84
40 89
40 90
40 91
40 95
40 105
40 106
40 109
40 113
40 128
40 132
40 135
40 136
40 137
40 142
40 149
41 46
41 58
41 61
41 67
41 69
41 73
41 77
41 88
41 93
41 95
41 96
41 101
41 105
41 108
41 109
41 110
41 112
41 121
41 122
41 124
41 136
41 137
41 146
41 148
42 47
42 56
42 63
42 66
42 70
42 71
42 72
42 76
42 77
42 78
42 85
42 87
42 104
42 105
42 109
42 116
42 118
42 124
42 125
42 130
42 146
43 51
43 54
43 58
43 59
43 61
43 66
43 69
43 70
43 74
43 81
43 82
43 84
43 85
43 91
43 94
43 95
43 99
43 101
43 102
43 103
43 107
43 110
43 122
43 128
43 129
43 135
43 136
43 140
43 142
43 143
43 144
44 52
44 53
44 59
44 61
44 63
44 71
44 76
44 78
44 85
44 88
44 91
44 96
44 101
44 109
44 113
44 118
44 120
44 121
44 124
44 131
44 134
44 148
45 46
45 48
45 51
45 59
45 62
45 65
45 71
45 81
45 84
45 91
45 94
45 98
45 102
45 104
45 109
45 121
45 125
45 135
45 138
45 142
46 49
46 54
46 68
46 70
46 75
46 78
46 86
46 88
46 90
46 92
46 94
46 99
46 104
46 107
46 117
46 124
46 130
46 131
46 137
46 141
46 143
46 149
47 55
47 65
47 67
47 72
47 75
47 82
47 83
47 86
47 92
47 93
47 104
47 107
47 115
47 119
47 120
47 123
47 124
47 134
47 135
47 144
47 147
48 52
48 53
48 55
48 63
48 65
48 77
48 81
48 83
48 84
48 85
48 88
48 91
48 92
48 95
48 96
48 98
48 105
48 107
48 112
48 117
48 119
48 121
48 126
48 134
48 139
48 141
48 142
48 143
48 147
48 149
49 58
49 59
49 63
49 66
49 69
49 70
49 73
49 76
49 81
49 97
49 101
49 102
49 103
49 104
49 109
49 111
49 112
49 124
49 131
49 137
49 140
50 56
50 57
50 61
50 64
50 73
50 76
50 90
50 105
50 110
50 112
50 114
50 129
50 130
50 147
50 148
51 56
51 64
51 65
51 72
51 73
51 74
51 78
51 82
51 84
51 91
51 94
51 95
51 105
51 113
51 114
51 131
51 145
52 56
52 66
52 84
52 85
52 89
52 93
52 94
52 109
52 111
52 122
52 124
52 128
52 131
52 137
52 139
52 144
53 56
53 64
53 65
53 73
53 74
53 83
53 96
53 99
53 100
53 101
53 102
53 117
53 121
53 122
53 124
53 130
53 137
53 138
53 140
53 141
54 56
54 60
54 67
54 68
54 74
54 84
54 87
54 88
54 92
54 95
54 97
54 102
54 108
54 122
54 127
54 135
54 136
54 141
54 142
54 143
54 144
54 146
55 57
55 59
55 61
55 62
55 64
55 74
55 75
55 79
55 81
55 82
55 83
55 97
55 98
55 99
55 100
55 109
55 113
55 114
55 115
55 124
55 125
55 145
56 60
56 62
56 71
56 85
56 86
56 88
56 93
56 94
56 97
56 100
56 101
56 104
56 109
56 112
56 121
56 122
56 127
56 128
56 132
56 137
56 140
56 149
57 62
57 73
57 74
57 75
57 78
57 81
57 82
57 87
57 99
57 113
57 115
57 119
57 122
57 126
57 127
57 134
57 135
57 139
57 141
58 74
58 77
58 78
58 95
58 96
58 98
58 101
58 110
58 112
58 113
58 119
58 121
58 127
59 71
59 73
59 76
59 78
59 81
59 83
59 84
59 93
59 95
59 101
59 102
59 103
59 104
59 106
59 109
59 112
59 113
59 120
59 127
59 128
59 143
60 65
60 70
60 80
60 85
60 86
60 103
60 106
60 117
60 118
60 126
60 129
60 134
60 138
60 149
61 72
61 73
61 74
61 80
61 91
61 105
61 106
61 107
61 109
61 113
61 115
61 118
61 125
61 128
61 137
61 138
61 139
61 142
61 143
61 148
62 66
62 71
62 81
62 82
62 84
62 86
62 95
62 103
62 107
62 110
62 115
62 129
62 132
62 134
62 144
62 147
62 148
62 149
63 65
63 68
63 69
63 70
63 71
63 76
63 77
63 80
63 84
63 95
63 96
63 99
63 105
63 107
63 111
63 118
63 121
63 137
63 148
63 149
64 76
64 80
64 86
64 87
64 88
64 90
64 102
64 113
64 125
64 133
64 135
64 145
64 148
65 75
65 76
65 80
65 81
65 83
65 86
65 87
65 92
65 93
65 95
65 98
65 99
65 102
65 105
65 116
65 117
65 118
65 135
65 141
66 75
66 76
66 83
66 90
66 91
66 96
66 100
66 103
66 104
66 105
66 109
66 112
66 115
66 126
66 127
66 133
66 137
66 143
66 144
66 146
66 149
67 71
67 74
67 79
67 83
67 88
67 92
67 121
67 124
67 126
67 139
68 72
68 74
68 75
68 77
68 79
68 84
68 89
68 96
68 99
68 106
68 112
68 119
68 120
68 122
68 123
68 124
68 136
68 140
69 73
69 86
69 94
69 106
69 110
69 117
69 118
69 123
69 126
69 127
69 131
69 132
69 133
69 141
69 149
70 71
70 73
70 76
70 78
70 93
70 96
70 101
70 112
70 116
70 118
70 125
70 134
70 135
70 140
70 146
70 148
71 76
71 79
71 87
71 88
71 91
71 107
71 108
71 109
71 113
71 118
71 119
71 133
71 139
71 146
72 84
72 86
72 102
72 105
72 112
72 113
72 116
72 120
72 125
72 130
72 132
72 133
72 140
73 80
73 81
73 85
73 91
73 96
73 97
73 100
73 102
73 111
73 115
73 117
73 120
73 121
73 123
73 126
73 133
73 147
74 75
74 82
74 84
74 89
74 94
74 98
74 104
74 107
74 109
74 110
74 111
74 113
74 120
74 124
74 126
74 137
74 147
74 148
75 76
75 77
75 80
75 87
75 101
75 102
75 105
75 106
75 140
75 147
76 79
76 90
76 98
76 100
76 102
76 104
76 106
76 107
76 109
76 115
76 117
76 120
76 125
76 126
76 127
76 131
76 132
76 147
76 148
76 149
77 78
77 91
77 99
77 104
77 109
77 110
77 115
77 116
77 131
77 132
77 133
77 138
77 139
77 143
77 144
78 86
78 88
78 92
78 95
78 102
78 103
78 114
78 118
78 121
78 122
78 131
78 137
78 138
79 80
79 81
79 83
79 84
79 93
79 97
79 104
79 109
79 115
79 128
79 133
79 134
79 135
79 137
79 141
79 142
79 143
79 146
79 147
80 82
80 88
80 92
80 94
80 95
80 97
80 100
80 108
80 110
80 111
80 114
80 116
80 120
80 122
80 124
80 131
80 132
80 133
80 134
80 138
80 143
80 147
81 84
81 90
81 91
81 93
81 100
81 104
81 106
81 130
81 132
81 136
81 142
81 148
81 149
82 86
82 91
82 94
82 96
82 97
82 100
82 101
82 111
82 113
82 116
82 126
82 130
82 134
82 143
82 146
82 147
82 148
83 85
83 88
83 94
83 100
83 103
83 107
83 112
83 115
83 117
83 123
83 126
83 132
83 149
84 85
84 89
84 94
84 95
84 98
84 101
84 102
84 109
84 110
84 112
84 117
84 132
84 135
84 137
84 140
84 145
85 86
85 94
85 95
85 99
85 106
85 112
85 113
85 122
85 126
85 131
85 136
85 139
85 148
86 87
86 89
86 93
86 96
86 99
86 104
86 110
86 112
86 124
86 125
86 127
86 140
86 147
87 88
87 94
87 96
87 103
87 115
87 116
87 126
87 131
87 134
87 138
87 149
88 92
88 95
88 98
88 116
88 119
88 122
88 128
88 129
88 131
88 137
88 138
88 139
88 142
88 148
89 91
89 92
89 93
89 95
89 97
89 113
89 114
89 135
89 136
89 137
89 145
89 146
90 91
90 95
90 97
90 106
90 111
90 117
90 122
90 123
90 137
90 139
90 140
91 96
91 99
91 100
91 101
91 102
91 106
91 107
91 116
91 118
91 123
91 124
91 126
91 133
91 143
91 149
92 94
92 95
92 98
92 99
92 107
92 116
92 118
92 122
92 127
92 128
92 133
92 135
92 138
92 140
93 98
93 99
93 101
93 102
93 107
93 117
93 125
93 126
93 128
93 129
93 132
93 134
93 142
93 148
93 149
94 95
94 104
94 112
94 115
94 119
94 126
94 143
95 102
95 109
95 110
95 113
95 117
95 124
95 125
95 128
95 130
95 138
95 147
95 148
96 98
96 105
96 114
96 123
96 130
96 134
96 135
96 139
96 143
96 147
96 149
97 106
97 109
97 110
97 112
97 113
97 118
97 119
97 131
97 134
97 145
97 148
98 100
98 105
98 118
98 138
98 144
98 146
98 147
98 148
99 107
99 111
99 113
99 115
99 125
99 130
99 133
99 143
99 144
100 106
100 107
100 110
100 111
100 114
100 123
100 126
100 132
100 134
100 138
100 143
101 102
101 107
101 112
101 116
101 117
101 124
101 125
101 133
101 138
101 143
101 145
102 107
102 110
102 111
102 112
102 113
102 120
102 121
102 138
102 144
103 105
103 110
103 112
103 116
103 122
103 124
103 126
103 130
103 144
103 145
104 110
104 114
104 115
104 118
104 129
104 133
104 141
104 146
104 147
105 107
105 109
105 111
105 112
105 113
105 117
105 119
105 129
105 139
105 148
105 149
106 109
106 119
106 123
106 124
106 134
106 147
107 119
107 124
107 128
107 136
107 137
107 142
107 143
107 147
108 114
108 120
108 129
108 130
108 134
108 144
109 114
109 115
109 123
109 125
109 135
109 139
109 144
109 146
110 115
110 124
110 126
110 145
110 147
110 148
111 115
111 119
111 124
111 125
111 128
111 136
111 145
111 146
112 116
112 119
112 132
112 147
113 118
113 121
113 129
113 130
113 140
113 141
113 143
113 146
114 117
114 120
114 123
114 124
114 128
114 131
114 134
114 139
114 146
115 119
115 124
115 135
115 136
115 140
116 117
116 121
116 133
116 134
116 138
116 140
116 143
116 145
117 128
117 140
117 143
117 145
117 146
117 149
118 122
118 124
118 140
118 141
118 145
119 127
119 130
119 132
119 133
119 137
119 143
120 136
120 146
120 148
121 123
121 125
121 130
121 133
121 148
121 149
122 124
122 127
122 130
122 132
122 133
122 136
122 138
123 125
123 129
123 132
123 134
123 137
123 145
123 146
123 148
124 130
124 136
124 138
124 139
124 141
124 142
124 145
124 147
125 134
125 148
126 129
126 130
126 132
126 133
126 138
126 142
126 146
127 128
127 129
128 129
128 135
128 138
128 146
128 147
128 148
129 131
129 134
129 149
130 131
130 133
130 140
131 136
131 137
131 146
131 149
132 136
132 138
132 141
134 135
134 139
134 143
134 145
135 141
135 143
135 148
136 138
136 139
137 140
137 142
137 148
138 141
138 148
138 149
141 142
141 144
142 143
142 145
143 148
145 149
