# Erdos-Renyi general graph G(n, p)
# nodes=100 edge_probability=0.06 seed=42 edges=269
# first data line: '<node count> <edge count>', then one '<source> <target>' pair per line
100 269
0 2
0 10
0 13
0 20
0 42
0 68
0 90
1 3
1 27
1 29
1 34
2 3
2 13
2 30
2 75
2 96
3 7
3 34
3 52
3 78
4 9
4 30
4 42
4 50
4 96
5 14
5 22
5 25
5 29
5 39
5 49
5 64
6 17
6 26
6 65
6 79
6 86
7 20
7 52
7 64
8 62
8 71
8 96
9 19
9 37
9 63
10 22
10 32
10 61
10 79
10 92
10 99
11 12
11 17
11 27
12 16
12 24
12 30
12 40
12 56
12 59
12 65
12 75
12 76
12 84
13 45
13 49
14 42
14 93
14 94
14 99
15 27
15 37
15 44
15 65
15 73
15 86
15 88
16 42
16 58
17 27
17 53
17 79
17 80
17 96
18 47
18 53
18 85
19 31
19 45
19 48
20 33
20 38
20 67
21 27
21 77
21 85
21 92
22 37
22 38
22 54
22 57
22 60
22 66
23 50
24 27
24 28
24 37
24 45
24 47
24 51
24 77
24 78
24 87
24 92
24 97
25 44
25 52
25 72
25 81
27 29
27 36
27 48
27 81
28 59
28 61
28 72
28 88
29 43
29 81
30 32
30 39
30 59
30 64
30 83
31 46
31 65
31 68
31 93
32 48
32 66
32 96
33 43
33 50
33 58
34 37
34 47
34 55
34 66
34 74
34 80
34 87
35 51
35 62
35 75
35 90
35 98
36 70
36 93
37 60
37 74
37 84
39 49
39 54
39 61
39 90
40 44
40 65
40 68
40 72
41 59
42 44
42 59
42 72
42 75
43 55
43 59
43 63
43 91
43 96
44 58
44 65
44 86
44 96
45 50
45 72
45 82
45 98
46 55
46 72
46 97
48 49
48 61
48 80
49 61
49 87
50 57
50 65
50 83
50 92
51 79
52 75
52 98
53 54
53 91
53 97
54 93
54 94
54 98
55 56
55 62
55 93
56 63
56 86
57 82
57 90
58 64
58 69
58 71
59 72
59 82
60 74
60 87
60 99
62 76
63 79
63 90
64 69
64 95
65 66
65 70
65 74
66 69
66 70
66 89
67 71
67 81
67 97
67 98
68 79
69 82
69 86
71 75
73 76
73 84
74 82
74 92
74 96
75 77
75 89
76 90
76 97
77 82
77 87
77 91
78 80
78 83
78 88
78 90
78 96
79 90
80 88
84 91
84 93
85 94
86 94
87 90
87 98
94 97
