# Erdos-Renyi general graph G(n, p)
# nodes=50 edge_probability=0.13 seed=42 edges=161
# first data line: '<node count> <edge count>', then one '<source> <target>' pair per line
50 161
0 2
0 8
0 10
0 13
0 20
0 27
0 28
0 42
0 45
0 47
1 20
1 41
1 42
1 43
1 47
2 6
2 12
2 30
2 32
2 37
2 40
2 42
2 45
3 14
3 20
3 25
3 36
3 43
4 12
4 22
4 39
4 45
5 6
5 23
5 27
5 40
5 46
5 47
6 15
6 18
6 25
6 26
6 33
6 41
7 10
7 19
7 28
7 39
7 44
8 13
8 20
8 31
8 39
9 11
9 20
9 24
9 32
9 35
9 40
10 26
10 35
10 47
11 21
11 27
11 29
11 32
11 36
11 45
11 46
12 19
12 21
12 30
12 33
12 34
12 40
12 43
12 47
13 21
13 38
13 44
14 18
14 20
14 28
14 41
14 43
15 19
15 23
15 29
15 37
15 42
15 44
15 49
16 36
16 37
17 24
17 30
17 36
17 37
17 41
17 49
18 27
19 28
19 35
19 39
20 48
21 29
22 27
22 28
22 34
22 40
22 49
23 32
24 33
25 30
25 46
26 34
26 42
26 44
26 49
27 36
27 47
28 30
28 35
28 42
28 48
29 31
29 33
29 41
29 44
29 48
29 49
30 35
30 42
30 45
31 33
31 39
31 40
31 42
32 34
32 46
33 36
33 38
33 39
33 46
34 44
35 41
35 49
36 42
37 39
37 40
38 39
38 45
38 48
39 44
40 43
40 45
40 46
41 45
41 46
42 45
44 45
