# Erdos-Renyi general graph G(n, p)
# nodes=200 edge_probability=0.05 seed=42 edges=942
# first data line: '<node count> <edge count>', then one '<source> <target>' pair per line
200 942
0 2
0 10
0 13
0 20
0 42
0 68
0 90
0 101
0 125
0 127
1 72
1 93
1 100
1 127
1 145
1 171
1 197
2 21
2 33
2 87
2 99
2 107
2 110
2 124
2 134
2 149
2 195
3 8
3 47
3 94
3 126
3 138
4 32
4 41
4 66
4 79
4 97
4 123
4 171
4 181
5 16
5 34
5 47
5 54
5 55
5 70
5 146
5 154
5 160
5 186
5 189
5 195
6 12
6 13
6 21
6 150
7 9
7 15
7 27
7 37
7 44
7 65
7 73
7 86
7 88
7 125
7 141
7 192
8 53
8 54
8 102
8 140
8 166
8 180
8 183
9 62
9 91
9 129
9 187
9 194
10 27
10 28
10 44
10 47
10 50
10 116
10 169
10 178
10 186
10 188
10 192
11 31
11 40
11 45
11 50
11 79
11 99
11 108
12 14
12 21
12 33
12 66
12 117
12 128
12 144
13 21
13 41
13 48
13 68
13 73
13 92
13 142
13 145
13 192
14 25
14 55
14 68
14 75
14 127
14 137
14 145
14 156
14 164
14 170
14 177
15 45
15 60
15 68
15 103
15 126
15 155
15 169
15 179
16 82
16 87
16 94
16 123
16 136
16 157
16 160
16 164
17 27
17 84
17 97
17 100
17 136
17 140
17 144
17 172
17 177
17 194
18 20
18 51
18 59
18 107
18 134
18 159
19 34
19 46
19 65
19 122
19 141
19 149
19 176
20 32
20 75
20 98
20 100
20 137
20 143
20 184
20 185
20 189
20 197
21 50
21 63
21 86
21 124
21 132
21 147
21 152
21 154
21 195
22 28
22 59
22 84
22 136
22 175
22 186
23 24
23 50
23 55
23 59
23 63
23 91
23 92
23 125
23 135
23 151
23 152
23 197
24 26
24 72
24 126
24 134
24 167
24 171
24 188
25 38
25 45
25 57
25 61
25 71
25 74
25 81
25 87
25 101
25 118
25 187
25 189
26 31
26 44
26 52
26 115
26 128
26 131
26 137
26 187
26 188
26 198
27 33
27 38
27 66
27 77
27 90
27 108
27 114
27 129
27 182
28 63
28 80
28 111
28 170
28 190
29 60
29 66
29 89
29 96
29 165
29 184
30 37
30 40
30 50
30 55
30 59
30 91
30 96
30 98
30 113
30 120
30 139
30 146
31 43
31 45
31 48
31 56
31 68
31 81
31 175
31 188
31 194
32 40
32 70
32 121
32 127
32 128
32 182
33 47
33 61
33 89
33 117
33 194
34 36
34 60
34 61
34 65
34 80
34 109
34 134
34 174
34 184
35 69
35 101
35 119
35 195
36 51
36 69
36 92
36 98
36 123
36 137
36 147
36 185
37 42
37 44
37 76
37 93
37 95
37 108
37 120
37 148
37 181
37 182
37 188
37 197
38 54
38 92
38 94
38 118
38 134
38 146
38 158
39 62
39 71
39 124
39 133
39 135
39 152
39 194
39 199
40 50
40 73
40 76
40 88
40 99
40 104
40 163
40 167
40 197
41 58
41 94
41 119
41 121
41 135
41 141
41 142
41 150
41 153
41 178
42 53
42 89
42 103
42 136
42 146
42 168
43 45
43 102
43 116
43 127
43 139
44 65
44 78
44 92
44 126
44 144
44 156
44 173
44 186
45 63
45 98
45 103
45 141
45 143
46 68
46 147
46 167
46 188
47 53
47 77
47 84
47 133
47 146
47 174
48 112
48 120
48 149
48 171
49 54
49 75
49 76
49 88
49 117
49 133
49 137
49 166
49 168
49 178
50 77
50 93
50 97
50 102
50 127
50 164
51 55
51 57
51 78
51 86
51 105
51 108
51 143
51 152
51 158
51 161
52 88
52 108
52 134
52 139
52 176
52 196
53 67
53 69
53 107
53 122
53 134
53 172
54 63
54 73
54 77
54 87
54 88
54 132
54 140
54 151
54 191
55 67
55 68
55 69
55 120
55 153
55 180
56 67
56 97
56 108
56 136
56 156
56 157
56 164
57 72
57 88
57 116
57 120
57 158
57 161
57 166
58 64
58 157
58 174
58 183
58 184
58 191
59 81
59 87
59 132
59 142
59 150
59 180
60 81
60 83
60 87
60 119
60 122
60 132
60 191
60 198
61 78
61 137
61 142
61 144
61 182
61 184
61 199
62 129
62 151
62 152
62 174
62 185
62 199
63 98
63 120
63 152
64 100
64 112
64 115
64 122
64 125
64 140
64 141
64 157
64 182
65 94
65 112
65 121
65 125
65 134
65 155
65 173
66 96
66 108
66 141
66 155
66 160
66 189
67 85
67 93
67 104
67 114
67 126
67 132
68 93
68 94
68 107
68 163
68 185
69 94
69 129
70 72
70 93
70 123
70 141
70 146
70 150
70 152
70 185
70 187
70 189
71 79
71 127
71 178
71 181
71 186
72 107
72 110
72 114
72 165
72 198
73 103
73 189
73 191
74 79
74 142
74 153
74 155
75 109
75 149
75 157
75 159
75 179
75 180
76 109
76 119
76 128
76 149
76 154
76 163
77 103
77 176
78 126
78 165
78 193
79 89
79 99
79 103
79 133
79 134
79 152
79 155
79 169
80 85
80 105
80 118
80 124
80 134
80 156
80 195
81 119
81 122
81 153
81 190
81 199
82 88
82 92
82 113
82 119
82 155
82 156
82 158
82 160
82 173
82 193
83 84
83 88
83 103
83 184
83 197
83 198
84 101
84 103
84 105
84 116
84 117
84 130
84 136
84 148
84 162
84 167
84 184
85 104
85 110
85 142
85 160
86 127
86 158
87 118
87 186
87 190
87 194
88 98
88 128
88 138
88 172
88 175
88 187
89 94
89 105
89 171
89 190
89 198
90 98
90 101
90 124
90 162
90 166
90 183
91 94
91 116
91 132
91 138
91 171
91 190
92 139
92 141
92 161
92 182
93 107
93 131
93 139
93 172
93 184
94 157
94 163
95 129
95 142
95 150
95 163
96 127
96 144
96 145
96 146
96 148
96 150
96 185
96 187
96 189
96 191
97 109
97 119
97 127
97 134
97 178
97 187
98 109
98 157
98 161
98 178
99 124
99 129
99 130
99 139
99 183
100 141
100 163
100 166
100 174
101 115
101 131
101 152
101 177
102 123
102 126
102 169
102 173
102 190
103 105
103 121
103 129
103 132
103 134
103 167
103 192
104 111
104 165
104 171
104 187
104 192
105 117
105 126
105 183
105 197
105 199
106 129
106 148
106 152
106 159
108 130
108 137
108 145
108 153
108 182
109 112
109 135
109 147
109 151
109 166
110 121
110 122
110 138
110 144
110 150
110 159
110 168
110 170
110 189
111 115
111 126
111 131
111 156
111 171
111 178
111 188
112 144
112 148
112 176
112 184
113 125
113 129
113 178
113 184
113 193
113 196
114 190
115 126
115 141
115 188
116 118
116 139
116 155
116 186
117 118
117 121
117 132
117 160
117 191
118 137
118 143
118 146
118 159
118 173
118 185
118 188
118 199
119 126
119 145
119 169
119 176
119 189
119 192
120 167
120 186
121 149
121 153
121 190
122 134
122 153
122 185
122 193
123 126
123 151
123 164
123 168
123 174
123 177
124 141
124 156
124 184
124 185
124 190
125 146
125 159
125 161
125 198
126 173
126 176
126 177
126 191
126 196
127 140
127 198
130 132
130 158
130 164
130 180
130 191
130 192
131 134
131 175
131 189
131 191
133 142
133 157
133 171
133 182
133 187
134 150
134 176
134 189
135 142
135 144
135 149
136 151
136 166
136 173
136 186
137 178
137 188
138 184
139 143
139 147
139 155
140 153
140 156
140 162
140 190
141 145
141 152
141 159
142 160
142 172
142 195
143 149
144 152
144 155
144 156
144 163
145 178
145 187
146 179
146 184
147 195
148 149
148 166
148 176
148 192
148 197
149 159
149 168
149 187
150 152
150 199
151 190
151 199
154 159
154 191
155 176
155 181
155 191
155 198
157 158
157 169
157 178
157 192
157 197
158 173
158 181
159 161
159 172
160 165
160 175
161 194
162 168
162 171
162 177
162 182
162 188
162 194
163 171
163 184
164 176
164 184
165 178
165 185
165 190
166 175
166 183
166 190
166 192
166 196
167 172
167 180
169 175
169 180
170 194
171 181
171 185
171 190
171 195
173 176
173 179
175 177
176 194
177 189
178 186
179 182
180 197
181 186
181 192
182 183
183 188
183 197
184 193
185 187
186 193
188 190
