# Erdos-Renyi general graph G(n, p)
# nodes=150 edge_probability=0.05 seed=42 edges=516
# first data line: '<node count> <edge count>', then one '<source> <target>' pair per line
150 516
0 2
0 10
0 13
0 20
0 42
0 68
0 90
0 101
0 125
0 127
1 122
1 143
2 3
2 30
2 48
2 74
2 100
2 121
2 133
3 41
3 53
3 61
3 64
3 78
3 88
3 103
3 149
4 13
4 52
4 99
4 131
4 143
5 88
5 97
5 122
5 135
6 10
6 36
6 84
6 94
6 123
6 141
7 12
7 19
7 20
7 35
7 111
7 119
7 125
8 10
8 13
8 19
8 29
8 30
8 38
9 27
9 78
9 84
9 96
9 106
9 113
9 134
9 142
10 16
10 18
10 55
10 71
10 122
11 36
11 37
11 85
11 123
11 149
12 26
12 29
12 98
12 127
13 29
13 87
13 94
13 116
13 117
13 133
13 136
13 139
14 70
14 123
14 132
14 140
14 142
14 146
15 39
15 48
15 53
15 58
15 87
15 107
15 116
16 76
16 83
16 95
16 128
17 47
17 58
17 74
17 137
18 26
18 33
18 53
18 58
18 77
18 127
18 130
19 47
19 65
19 95
19 108
19 115
20 38
20 48
20 56
20 67
20 75
20 81
20 88
20 140
21 27
21 35
21 70
21 93
21 122
21 136
21 146
22 105
22 110
22 117
22 146
23 33
23 54
23 57
23 61
23 106
24 38
24 51
24 54
24 90
24 94
24 98
24 126
24 131
24 148
25 31
25 62
25 70
25 118
25 145
26 47
26 102
26 114
26 133
27 68
27 87
27 95
27 122
28 36
28 79
28 102
28 104
28 141
28 147
29 68
29 69
29 73
29 81
29 112
29 125
29 148
30 67
30 75
30 90
30 95
30 97
30 138
30 148
31 61
31 86
31 138
32 60
32 71
32 85
32 111
32 116
32 120
32 124
33 36
33 37
33 70
33 80
33 96
33 97
33 142
33 146
34 77
34 131
34 139
35 58
35 62
35 79
35 103
35 110
35 122
35 126
35 136
35 139
35 146
36 39
36 53
36 70
36 139
36 141
37 44
37 57
37 65
37 128
37 141
37 144
38 39
38 89
38 90
38 100
38 107
38 112
38 140
39 41
39 54
39 72
39 78
39 93
39 146
40 89
40 106
40 137
41 88
41 108
41 148
42 47
42 70
42 77
42 146
43 59
43 81
43 84
43 94
43 99
43 103
43 135
43 140
43 142
44 52
44 59
44 78
44 85
45 46
45 48
45 51
45 59
45 71
45 84
46 75
46 88
46 94
46 107
46 137
47 86
47 92
47 93
47 147
48 77
48 91
48 119
48 147
49 124
49 131
50 56
50 57
50 61
50 76
50 105
50 130
51 72
51 82
51 131
52 66
52 84
53 64
53 83
53 101
53 124
53 130
54 60
54 74
54 84
54 122
54 141
54 143
55 81
55 98
55 100
55 113
55 125
56 60
56 93
56 94
56 100
56 109
56 127
57 73
57 75
57 99
57 115
57 127
57 139
58 112
58 121
59 84
59 93
59 95
59 112
60 65
60 70
60 80
60 103
60 106
60 118
60 129
60 134
61 105
61 109
61 139
62 71
62 107
62 132
62 134
62 148
63 68
63 69
63 77
63 80
63 105
63 137
64 88
64 102
64 135
64 145
65 83
65 116
66 90
66 104
66 115
66 127
67 126
67 139
68 72
68 106
68 124
68 136
69 73
69 86
69 117
70 73
70 78
70 116
70 118
71 118
72 120
72 140
73 85
73 102
73 126
73 133
74 107
74 120
74 148
76 90
76 98
76 127
76 149
77 110
77 131
77 132
77 144
78 102
78 118
78 122
79 81
79 83
79 93
79 141
80 88
80 92
80 97
80 122
81 91
81 130
81 132
82 86
82 94
82 113
82 116
83 85
83 94
83 100
83 103
84 112
84 132
85 94
85 99
85 136
86 93
86 110
86 112
87 88
87 103
87 115
88 92
88 128
88 138
88 142
89 92
89 93
89 137
89 145
90 97
90 137
91 99
91 100
91 101
92 95
92 128
93 99
93 129
94 104
94 115
94 143
95 109
95 110
95 117
96 114
96 130
97 106
97 110
97 148
98 100
98 105
98 144
100 138
101 107
101 116
101 117
101 124
102 107
102 113
103 112
103 122
103 130
104 115
105 111
105 113
105 117
105 149
106 109
106 119
107 136
107 143
108 120
109 139
109 144
109 146
110 145
110 147
111 124
113 118
113 140
113 141
114 128
114 139
115 119
116 121
116 143
117 143
120 136
120 148
121 123
121 130
121 133
121 148
121 149
122 138
123 137
125 134
126 129
126 138
126 142
127 129
128 129
128 147
131 146
132 141
134 143
135 143
135 148
138 141
141 142
142 143
143 148
145 149
