# Erdos-Renyi general graph G(n, p)
# nodes=200 edge_probability=0.02 seed=42 edges=376
# first data line: '<node count> <edge count>', then one '<source> <target>' pair per line
200 376
0 20
0 101
0 125
0 127
1 72
1 93
1 100
1 171
1 197
2 33
2 87
2 124
3 8
3 47
3 94
4 97
4 171
5 47
5 55
5 154
5 189
5 195
6 13
7 27
7 44
7 65
8 183
9 62
9 91
9 129
10 27
10 44
10 116
10 178
10 186
10 188
10 192
11 31
11 99
12 21
12 117
13 21
13 48
13 68
13 73
13 92
13 142
14 55
14 68
14 75
14 145
15 60
15 126
16 160
16 164
17 84
17 100
17 144
17 177
18 107
19 65
19 122
19 149
19 176
20 32
20 75
20 98
20 197
21 86
21 124
21 154
22 28
22 84
22 136
23 50
23 55
23 59
23 63
23 91
23 151
23 197
24 26
24 167
25 57
25 71
25 81
25 87
25 189
26 115
26 187
26 198
27 33
27 108
27 129
28 63
28 80
28 111
28 190
29 60
29 89
29 165
30 96
30 98
30 120
31 43
31 56
32 40
32 128
32 182
33 89
34 80
34 134
34 184
35 195
36 137
37 76
37 93
37 95
37 120
37 182
38 94
38 118
39 124
39 194
39 199
40 73
40 76
40 99
40 104
40 163
41 58
41 94
41 121
42 103
42 136
43 45
43 102
43 116
43 139
44 92
44 126
44 144
44 186
45 63
45 98
45 103
45 141
46 68
46 147
47 53
47 84
47 146
47 174
48 120
49 88
49 178
50 102
50 164
51 55
51 57
51 108
51 161
52 108
52 176
52 196
53 67
53 69
53 122
53 134
54 73
54 151
55 69
55 120
56 67
56 97
56 156
56 164
57 88
57 116
57 120
57 161
59 81
59 180
60 191
61 142
61 184
61 199
62 129
62 174
62 199
63 98
63 152
64 112
64 115
64 157
64 182
65 125
65 173
66 108
66 155
67 85
67 93
67 104
68 93
68 185
69 129
70 72
70 150
70 187
70 189
71 127
71 186
72 165
72 198
73 103
74 153
75 109
75 157
76 149
76 154
78 126
78 165
78 193
79 99
79 133
79 134
79 152
79 169
80 85
80 124
80 156
80 195
81 119
81 199
82 92
82 155
82 158
82 160
83 88
83 184
84 136
84 162
85 104
85 110
86 127
86 158
87 186
88 98
88 128
88 138
89 105
89 190
89 198
90 183
91 94
91 190
92 141
93 131
93 139
93 184
94 157
94 163
95 129
96 145
96 191
97 119
97 134
98 157
98 178
99 129
99 183
100 163
100 166
101 115
101 152
102 190
103 105
103 129
103 192
104 171
105 197
106 129
106 148
106 152
108 145
109 112
109 135
110 170
111 115
111 126
111 171
112 144
113 129
115 126
115 188
116 118
117 132
117 160
118 143
118 146
118 159
118 188
118 199
119 126
119 145
119 189
119 192
120 167
120 186
121 153
122 185
123 126
123 168
123 174
123 177
124 156
124 190
125 161
126 173
126 176
127 198
130 132
131 175
133 142
133 171
133 182
133 187
134 189
136 166
137 178
138 184
139 155
141 145
141 152
142 195
143 149
144 155
144 156
144 163
145 178
145 187
146 179
147 195
148 176
148 192
150 152
151 199
154 159
155 176
155 181
157 169
157 197
158 181
160 175
162 168
163 171
163 184
166 183
166 190
166 192
166 196
167 172
169 175
170 194
171 181
173 179
176 194
177 189
178 186
180 197
181 192
183 188
183 197
185 187
186 193
188 190
