# Erdos-Renyi general graph G(n, p)
# nodes=50 edge_probability=0.08 seed=42 edges=90
# first data line: '<node count> <edge count>', then one '<source> <target>' pair per line
50 90
0 2
0 10
0 13
0 20
0 42
0 45
1 20
1 42
1 47
2 6
2 30
2 32
2 37
2 42
3 20
3 25
4 12
4 22
4 39
5 23
5 27
5 40
6 18
6 25
6 26
7 10
7 28
8 13
8 20
8 39
9 20
9 24
9 32
9 40
10 26
10 35
10 47
11 21
11 29
11 32
11 36
11 46
12 19
12 34
12 40
13 44
14 18
15 23
15 37
15 42
15 44
16 36
16 37
17 24
17 37
17 49
20 48
21 29
22 27
22 28
22 40
22 49
23 32
24 33
26 34
26 44
26 49
28 30
28 48
29 33
29 41
29 48
29 49
30 35
30 45
31 33
31 39
31 42
33 36
35 41
35 49
36 42
37 40
38 45
38 48
39 44
40 43
40 45
40 46
41 46
