# Erdos-Renyi general graph G(n, p)
# nodes=100 edge_probability=0.04 seed=42 edges=175
# first data line: '<node count> <edge count>', then one '<source> <target>' pair per line
100 175
0 2
0 10
0 13
0 20
0 68
1 3
1 27
1 29
2 75
2 96
3 7
3 34
3 52
3 78
4 9
4 30
4 42
4 96
5 14
5 22
5 25
5 39
5 49
5 64
6 17
6 26
6 65
7 20
7 52
8 71
8 96
9 37
10 22
10 32
10 61
10 79
10 92
10 99
11 12
12 16
12 24
12 30
12 59
12 65
12 76
12 84
14 42
14 93
14 99
15 27
15 44
15 65
16 58
17 27
17 79
18 47
19 31
19 45
19 48
20 38
20 67
21 27
21 92
22 37
22 38
22 54
22 57
23 50
24 28
24 37
24 45
24 47
24 51
24 78
24 97
25 52
25 72
25 81
27 36
27 48
27 81
28 61
28 72
29 81
30 39
30 59
30 64
30 83
31 65
31 68
32 48
32 96
33 43
33 50
34 47
34 55
34 66
34 80
34 87
35 75
35 90
35 98
36 70
36 93
37 60
37 84
39 49
39 54
39 61
39 90
40 44
40 65
40 68
40 72
41 59
42 59
42 72
42 75
43 55
43 63
43 91
43 96
44 58
44 96
45 98
48 49
48 61
48 80
49 87
50 65
50 92
51 79
52 75
52 98
53 54
54 93
54 98
55 62
55 93
56 86
57 82
57 90
58 64
58 69
58 71
59 72
59 82
60 99
62 76
63 79
63 90
64 69
64 95
65 66
65 70
65 74
66 69
67 71
67 97
69 82
69 86
73 76
73 84
74 92
76 90
77 87
77 91
78 80
78 90
78 96
79 90
80 88
84 91
84 93
94 97
