# Erdos-Renyi general graph G(n, p)
# nodes=200 edge_probability=0.03 seed=42 edges=569
# first data line: '<node count> <edge count>', then one '<source> <target>' pair per line
200 569
0 2
0 10
0 13
0 20
0 101
0 125
0 127
1 72
1 93
1 100
1 127
1 145
1 171
1 197
2 21
2 33
2 87
2 99
2 107
2 110
2 124
2 134
2 149
2 195
3 8
3 47
3 94
4 97
4 171
4 181
5 34
5 47
5 54
5 55
5 146
5 154
5 189
5 195
6 13
6 21
7 9
7 15
7 27
7 44
7 65
7 192
8 53
8 102
8 166
8 183
9 62
9 91
9 129
10 27
10 28
10 44
10 116
10 178
10 186
10 188
10 192
11 31
11 79
11 99
11 108
12 21
12 33
12 66
12 117
13 21
13 48
13 68
13 73
13 92
13 142
13 192
14 55
14 68
14 75
14 145
14 156
14 170
15 45
15 60
15 68
15 126
15 179
16 94
16 123
16 157
16 160
16 164
17 84
17 100
17 144
17 177
18 51
18 107
19 34
19 65
19 122
19 149
19 176
20 32
20 75
20 98
20 184
20 197
21 86
21 124
21 154
21 195
22 28
22 84
22 136
22 175
22 186
23 24
23 50
23 55
23 59
23 63
23 91
23 151
23 197
24 26
24 126
24 167
25 38
25 57
25 61
25 71
25 81
25 87
25 101
25 118
25 189
26 115
26 187
26 188
26 198
27 33
27 38
27 90
27 108
27 129
28 63
28 80
28 111
28 190
29 60
29 89
29 96
29 165
30 96
30 98
30 120
31 43
31 56
31 68
32 40
32 70
32 127
32 128
32 182
33 47
33 89
34 60
34 65
34 80
34 134
34 184
35 69
35 119
35 195
36 123
36 137
37 76
37 93
37 95
37 108
37 120
37 148
37 182
38 92
38 94
38 118
38 146
39 124
39 135
39 152
39 194
39 199
40 73
40 76
40 99
40 104
40 163
40 167
41 58
41 94
41 121
41 142
41 150
41 153
42 103
42 136
42 146
43 45
43 102
43 116
43 139
44 78
44 92
44 126
44 144
44 186
45 63
45 98
45 103
45 141
46 68
46 147
46 188
47 53
47 84
47 133
47 146
47 174
48 120
48 171
49 88
49 133
49 178
50 77
50 93
50 102
50 127
50 164
51 55
51 57
51 78
51 108
51 143
51 161
52 108
52 176
52 196
53 67
53 69
53 122
53 134
53 172
54 63
54 73
54 87
54 88
54 140
54 151
55 67
55 69
55 120
55 153
56 67
56 97
56 108
56 156
56 164
57 72
57 88
57 116
57 120
57 158
57 161
58 157
58 191
59 81
59 150
59 180
60 122
60 191
61 137
61 142
61 144
61 184
61 199
62 129
62 152
62 174
62 185
62 199
63 98
63 152
64 100
64 112
64 115
64 141
64 157
64 182
65 125
65 134
65 155
65 173
66 108
66 155
66 189
67 85
67 93
67 104
67 126
67 132
68 93
68 107
68 163
68 185
69 129
70 72
70 123
70 141
70 150
70 185
70 187
70 189
71 79
71 127
71 186
72 165
72 198
73 103
73 189
73 191
74 153
74 155
75 109
75 149
75 157
75 159
76 109
76 149
76 154
77 176
78 126
78 165
78 193
79 99
79 133
79 134
79 152
79 169
80 85
80 118
80 124
80 134
80 156
80 195
81 119
81 122
81 199
82 92
82 113
82 155
82 158
82 160
82 193
83 88
83 184
83 197
84 116
84 136
84 162
84 184
85 104
85 110
85 142
86 127
86 158
87 118
87 186
87 190
88 98
88 128
88 138
88 172
88 175
89 105
89 190
89 198
90 183
91 94
91 171
91 190
92 141
92 182
93 131
93 139
93 184
94 157
94 163
95 129
96 145
96 146
96 148
96 189
96 191
97 119
97 134
97 187
98 157
98 161
98 178
99 129
99 139
99 183
100 141
100 163
100 166
100 174
101 115
101 131
101 152
101 177
102 169
102 173
102 190
103 105
103 129
103 167
103 192
104 165
104 171
105 197
106 129
106 148
106 152
106 159
108 130
108 137
108 145
109 112
109 135
109 147
109 151
109 166
110 122
110 159
110 168
110 170
111 115
111 126
111 171
111 178
111 188
112 144
113 125
113 129
113 184
113 196
115 126
115 141
115 188
116 118
117 132
117 160
118 143
118 146
118 159
118 188
118 199
119 126
119 145
119 176
119 189
119 192
120 167
120 186
121 153
122 185
122 193
123 126
123 164
123 168
123 174
123 177
124 156
124 190
125 159
125 161
126 173
126 176
127 140
127 198
130 132
130 164
130 192
131 134
131 175
133 142
133 171
133 182
133 187
134 150
134 189
136 166
137 178
138 184
139 143
139 155
140 190
141 145
141 152
141 159
142 195
143 149
144 152
144 155
144 156
144 163
145 178
145 187
146 179
146 184
147 195
148 176
148 192
149 187
150 152
151 199
154 159
154 191
155 176
155 181
157 169
157 197
158 181
159 161
160 175
162 168
162 177
162 194
163 171
163 184
164 176
165 178
166 183
166 190
166 192
166 196
167 172
167 180
169 175
169 180
170 194
171 181
171 190
171 195
173 176
173 179
176 194
177 189
178 186
180 197
181 186
181 192
182 183
183 188
183 197
185 187
186 193
188 190
