# Erdos-Renyi general graph G(n, p)
# nodes=200 edge_probability=0.01 seed=42 edges=201
# first data line: '<node count> <edge count>', then one '<source> <target>' pair per line
200 201
0 20
0 125
1 72
1 93
1 100
1 171
1 197
2 33
2 87
3 94
4 97
5 47
5 154
5 189
5 195
7 27
9 62
9 91
10 27
10 178
10 186
11 31
11 99
12 117
13 21
13 48
13 68
13 73
13 92
14 55
14 68
14 75
15 60
15 126
16 160
16 164
17 84
17 177
18 107
19 122
19 149
20 32
20 75
21 86
21 124
21 154
22 28
23 50
23 55
23 59
23 63
23 151
23 197
25 81
26 115
26 187
27 33
27 108
28 63
28 80
29 165
30 98
30 120
31 43
32 40
32 128
36 137
37 76
37 120
38 94
38 118
39 194
39 199
40 76
40 99
40 163
41 94
41 121
42 103
42 136
43 45
43 139
44 92
45 63
45 98
45 103
46 68
46 147
47 84
47 146
47 174
48 120
49 178
50 164
51 55
51 161
52 108
52 176
52 196
53 122
56 164
57 88
57 116
57 120
61 142
61 184
61 199
63 98
63 152
64 115
64 182
65 125
65 173
68 93
69 129
70 187
71 127
72 198
75 109
75 157
76 154
78 126
79 133
79 152
79 169
82 92
82 155
82 160
83 184
84 162
85 110
86 127
86 158
87 186
88 98
89 105
89 190
89 198
90 183
91 94
91 190
92 141
93 139
94 157
94 163
95 129
96 191
97 134
98 178
100 166
101 115
102 190
103 192
105 197
106 129
106 148
106 152
108 145
109 112
110 170
111 126
119 192
120 186
123 126
123 168
123 177
124 156
124 190
125 161
127 198
131 175
133 182
134 189
136 166
141 145
142 195
143 149
144 155
144 156
144 163
145 187
146 179
147 195
150 152
151 199
157 169
157 197
158 181
160 175
162 168
163 171
166 183
166 192
167 172
173 179
176 194
178 186
180 197
181 192
183 188
186 193
