# Erdos-Renyi general graph G(n, p)
# nodes=150 edge_probability=0.02 seed=42 edges=203
# first data line: '<node count> <edge count>', then one '<source> <target>' pair per line
150 203
0 20
0 101
0 125
0 127
1 122
1 143
2 3
2 74
2 100
2 133
3 41
3 78
4 13
4 52
4 99
6 10
6 84
7 12
7 20
7 119
8 13
8 19
8 30
9 96
9 113
9 134
12 29
12 98
12 127
13 29
13 116
13 133
14 70
14 132
14 140
14 142
14 146
15 39
15 107
16 83
17 47
17 137
18 33
18 53
18 58
18 77
18 127
19 95
19 108
19 115
20 56
21 27
21 93
23 57
23 61
24 38
24 54
24 98
24 131
25 118
26 133
27 68
27 95
27 122
28 36
28 79
28 102
29 81
29 148
30 67
30 97
30 148
31 86
31 138
32 111
32 116
32 120
32 124
33 36
33 96
33 142
33 146
35 58
35 122
35 136
35 146
36 39
36 141
37 128
38 89
38 100
38 107
39 72
39 93
40 89
40 106
40 137
41 108
41 148
42 70
42 146
43 140
43 142
44 59
45 46
45 59
46 107
47 93
47 147
48 119
50 76
50 130
51 82
53 64
54 74
55 81
55 98
55 100
55 125
56 94
57 75
57 99
59 84
60 65
60 70
60 103
60 106
60 129
60 134
61 105
62 71
62 107
62 134
64 102
64 135
65 116
66 90
66 104
66 127
68 72
68 106
68 124
69 86
69 117
70 73
70 78
70 116
71 118
72 120
73 102
73 133
74 120
74 148
76 98
77 144
79 93
80 97
81 91
81 130
81 132
82 116
83 103
84 132
85 136
86 93
86 110
86 112
87 103
87 115
88 138
90 97
91 101
92 95
93 129
94 104
95 109
95 117
96 130
97 106
97 110
98 100
102 107
104 115
107 136
109 144
110 147
111 124
113 118
114 128
115 119
116 121
117 143
120 148
121 123
122 138
123 137
126 142
128 147
132 141
135 143
141 142
142 143
143 148
