# Erdos-Renyi general graph G(n, p)
# nodes=50 edge_probability=0.45 seed=0 edges=551
# first data line: '<node count> <edge count>', then one '<source> <target>' pair per line
50 551
0 3
0 4
0 6
0 8
0 13
0 16
0 21
0 26
0 27
0 33
0 36
0 38
0 41
0 44
0 45
0 47
0 49
1 4
1 5
1 6
1 9
1 18
1 20
1 22
1 23
1 24
1 28
1 36
1 38
2 3
2 8
2 10
2 11
2 13
2 15
2 16
2 18
2 23
2 27
2 28
2 30
2 31
2 33
2 34
2 35
2 38
2 39
2 40
2 41
2 42
2 44
2 45
2 47
2 48
3 4
3 5
3 9
3 12
3 15
3 16
3 18
3 19
3 21
3 24
3 25
3 27
3 29
3 31
3 32
3 33
3 34
3 36
3 37
3 38
3 43
3 44
3 46
3 47
3 48
3 49
4 6
4 9
4 10
4 12
4 14
4 15
4 16
4 17
4 24
4 29
4 32
4 35
4 37
4 38
4 40
4 43
4 44
4 47
4 49
5 7
5 8
5 9
5 13
5 16
5 18
5 19
5 20
5 26
5 33
5 35
5 37
5 38
5 39
5 42
5 44
5 45
5 47
5 48
6 7
6 9
6 10
6 11
6 13
6 14
6 15
6 16
6 17
6 22
6 25
6 26
6 31
6 34
6 35
6 37
6 38
6 39
6 41
6 45
6 46
6 48
7 8
7 9
7 10
7 16
7 17
7 18
7 19
7 21
7 22
7 23
7 24
7 26
7 29
7 30
7 35
7 39
7 41
7 42
7 46
7 47
7 48
8 13
8 14
8 16
8 17
8 18
8 19
8 21
8 22
8 23
8 36
8 42
8 47
8 48
9 10
9 11
9 14
9 15
9 17
9 19
9 20
9 22
9 23
9 24
9 29
9 31
9 33
9 34
9 36
9 37
9 40
9 42
9 43
10 11
10 12
10 16
10 25
10 27
10 31
10 32
10 39
10 40
10 45
10 46
10 47
10 48
11 14
11 15
11 18
11 19
11 21
11 25
11 26
11 27
11 28
11 29
11 30
11 33
11 35
11 36
11 39
11 40
11 41
11 42
11 45
11 46
11 47
11 49
12 14
12 16
12 20
12 22
12 24
12 28
12 29
12 31
12 32
12 33
12 34
12 35
12 36
12 37
12 38
12 41
12 42
12 44
12 45
12 46
12 48
12 49
13 14
13 16
13 17
13 18
13 22
13 26
13 27
13 29
13 30
13 33
13 37
13 38
13 41
13 42
13 46
14 16
14 18
14 20
14 22
14 23
14 26
14 27
14 28
14 29
14 33
14 35
14 36
14 38
14 40
14 41
14 42
14 47
14 49
15 18
15 19
15 21
15 23
15 25
15 27
15 29
15 32
15 34
15 35
15 37
15 39
15 42
15 44
15 49
16 17
16 23
16 25
16 26
16 28
16 29
16 30
16 32
16 33
16 36
16 38
16 40
16 42
16 43
16 44
16 47
16 48
16 49
17 18
17 19
17 20
17 22
17 27
17 29
17 40
17 41
17 42
17 43
17 44
17 46
18 19
18 22
18 23
18 26
18 28
18 29
18 30
18 31
18 32
18 34
18 35
18 38
18 40
18 41
18 43
18 45
18 48
19 22
19 23
19 24
19 26
19 28
19 29
19 30
19 33
19 34
19 36
19 39
19 40
19 42
19 44
19 45
19 46
19 49
20 21
20 22
20 24
20 26
20 27
20 33
20 35
20 37
20 41
20 43
20 46
20 48
20 49
21 24
21 26
21 27
21 28
21 31
21 37
21 41
21 45
21 48
22 23
22 24
22 30
22 32
22 37
22 38
22 39
22 42
22 43
22 46
22 48
22 49
23 26
23 27
23 29
23 30
23 31
23 33
23 34
23 36
23 38
23 39
23 40
23 41
23 42
23 45
23 46
23 47
24 27
24 29
24 30
24 31
24 32
24 36
24 37
24 40
24 41
24 43
24 46
24 47
25 28
25 30
25 33
25 35
25 36
25 37
25 38
25 39
25 40
25 42
25 43
25 45
25 46
26 29
26 33
26 35
26 37
26 41
26 43
26 45
26 48
27 28
27 34
27 37
27 39
27 43
27 45
27 49
28 29
28 30
28 31
28 39
28 41
28 43
28 44
28 46
28 47
29 32
29 33
29 34
29 41
29 46
30 31
30 34
30 37
30 38
30 46
30 48
31 33
31 34
31 36
31 41
31 46
32 33
32 34
32 35
32 36
32 38
32 41
32 43
32 46
32 48
32 49
33 36
33 38
33 39
33 40
33 41
33 43
33 47
34 36
34 39
34 40
34 41
34 42
34 43
34 47
34 49
35 40
35 42
35 45
35 46
35 48
35 49
36 39
36 42
36 45
36 48
37 39
37 41
37 42
37 48
38 39
38 40
38 41
38 47
38 48
38 49
39 41
39 43
39 44
39 45
39 46
39 47
39 48
40 42
40 44
40 45
40 46
41 44
41 45
41 47
41 48
41 49
42 43
42 44
42 45
42 48
43 47
43 48
44 47
44 49
45 47
46 47
47 48
47 49
48 49
