# Erdos-Renyi general graph G(n, p)
# nodes=150 edge_probability=0.1 seed=42 edges=1103
# first data line: '<node count> <edge count>', then one '<source> <target>' pair per line
150 1103
0 2
0 8
0 10
0 13
0 20
0 27
0 28
0 42
0 45
0 68
0 89
0 90
0 95
0 101
0 125
0 127
0 132
0 135
0 137
1 13
1 18
1 29
1 36
1 50
1 60
1 77
1 83
1 105
1 109
1 122
1 140
1 143
2 3
2 4
2 30
2 48
2 74
2 81
2 100
2 112
2 121
2 125
2 133
2 141
3 20
3 29
3 41
3 53
3 61
3 64
3 68
3 77
3 78
3 88
3 103
3 109
3 143
3 149
4 13
4 15
4 23
4 52
4 66
4 71
4 73
4 98
4 99
4 118
4 130
4 131
4 135
4 143
5 8
5 46
5 88
5 97
5 122
5 123
5 129
5 135
5 144
6 10
6 36
6 57
6 84
6 94
6 99
6 108
6 119
6 123
6 128
6 141
6 146
7 12
7 19
7 20
7 25
7 35
7 41
7 47
7 48
7 50
7 59
7 71
7 77
7 79
7 80
7 111
7 119
7 125
7 134
7 135
8 10
8 13
8 19
8 27
8 29
8 30
8 38
8 44
8 81
8 85
8 89
8 91
8 106
8 125
8 126
9 21
9 27
9 78
9 79
9 84
9 96
9 97
9 106
9 113
9 122
9 124
9 134
9 142
10 12
10 16
10 18
10 43
10 48
10 55
10 62
10 71
10 72
10 104
10 109
10 122
10 128
10 135
10 148
11 36
11 37
11 52
11 53
11 70
11 85
11 91
11 107
11 123
11 149
12 26
12 29
12 38
12 93
12 98
12 110
12 127
13 17
13 29
13 32
13 58
13 61
13 63
13 73
13 79
13 87
13 89
13 92
13 94
13 116
13 117
13 133
13 136
13 139
13 145
14 24
14 55
14 70
14 88
14 122
14 123
14 132
14 140
14 142
14 146
15 18
15 35
15 38
15 39
15 46
15 48
15 53
15 54
15 58
15 66
15 79
15 87
15 96
15 100
15 107
15 116
15 118
15 124
15 134
15 138
16 58
16 71
16 76
16 83
16 95
16 128
16 137
17 25
17 45
17 47
17 57
17 58
17 74
17 99
17 110
17 130
17 137
17 144
18 26
18 27
18 33
18 53
18 58
18 64
18 77
18 86
18 95
18 108
18 127
18 128
18 130
18 131
18 138
19 21
19 25
19 26
19 47
19 50
19 53
19 65
19 81
19 89
19 95
19 108
19 115
19 123
19 126
19 133
19 134
19 137
19 149
20 38
20 41
20 48
20 56
20 67
20 68
20 75
20 81
20 88
20 94
20 116
20 127
20 140
21 23
21 27
21 35
21 70
21 83
21 90
21 93
21 107
21 112
21 118
21 122
21 136
21 146
21 149
22 28
22 38
22 41
22 55
22 79
22 105
22 110
22 117
22 123
22 146
23 33
23 54
23 57
23 61
23 84
23 106
23 121
23 129
23 142
23 148
24 38
24 45
24 51
24 54
24 90
24 94
24 98
24 126
24 131
24 137
24 146
24 148
25 29
25 31
25 39
25 52
25 62
25 70
25 83
25 92
25 98
25 102
25 118
25 119
25 128
25 145
26 47
26 102
26 114
26 133
27 42
27 53
27 57
27 68
27 87
27 95
27 96
27 112
27 113
27 122
27 130
27 135
28 36
28 60
28 61
28 79
28 100
28 101
28 102
28 104
28 139
28 141
28 147
29 53
29 68
29 69
29 73
29 75
29 81
29 85
29 109
29 112
29 125
29 135
29 148
30 67
30 68
30 72
30 74
30 75
30 90
30 95
30 97
30 106
30 107
30 121
30 138
30 140
30 148
31 33
31 36
31 61
31 74
31 86
31 107
31 128
31 138
32 45
32 60
32 65
32 68
32 71
32 74
32 85
32 111
32 116
32 120
32 124
33 36
33 37
33 56
33 58
33 70
33 80
33 96
33 97
33 102
33 104
33 109
33 137
33 142
33 146
34 47
34 53
34 62
34 67
34 69
34 77
34 78
34 82
34 131
34 139
34 146
35 47
35 48
35 58
35 62
35 67
35 77
35 79
35 81
35 93
35 97
35 103
35 110
35 117
35 122
35 126
35 136
35 139
35 144
35 146
36 39
36 45
36 53
36 70
36 76
36 139
36 141
36 147
37 44
37 57
37 65
37 73
37 128
37 134
37 141
37 144
38 39
38 51
38 55
38 89
38 90
38 100
38 107
38 112
38 140
39 41
39 54
39 72
39 76
39 78
39 93
39 103
39 111
39 146
40 67
40 77
40 84
40 89
40 105
40 106
40 113
40 136
40 137
40 142
41 67
41 69
41 73
41 77
41 88
41 93
41 96
41 101
41 108
41 121
41 148
42 47
42 56
42 70
42 71
42 77
42 78
42 105
42 109
42 125
42 146
43 51
43 54
43 59
43 66
43 74
43 81
43 82
43 84
43 94
43 99
43 103
43 135
43 136
43 140
43 142
43 144
44 52
44 59
44 63
44 78
44 85
44 101
44 120
44 134
45 46
45 48
45 51
45 59
45 65
45 71
45 81
45 84
45 91
45 94
45 104
45 121
45 135
45 138
46 54
46 75
46 88
46 94
46 107
46 130
46 131
46 137
46 141
47 55
47 67
47 72
47 75
47 86
47 92
47 93
47 107
47 120
47 135
47 144
47 147
48 65
48 77
48 85
48 88
48 91
48 95
48 98
48 107
48 117
48 119
48 126
48 147
49 59
49 69
49 76
49 102
49 103
49 104
49 111
49 112
49 124
49 131
50 56
50 57
50 61
50 64
50 73
50 76
50 105
50 110
50 112
50 114
50 130
51 56
51 72
51 82
51 84
51 91
51 131
52 56
52 66
52 84
52 85
52 93
52 128
53 64
53 73
53 74
53 83
53 101
53 121
53 124
53 130
53 138
54 56
54 60
54 68
54 74
54 84
54 87
54 88
54 95
54 122
54 141
54 142
54 143
54 146
55 57
55 64
55 81
55 98
55 100
55 113
55 124
55 125
55 145
56 60
56 93
56 94
56 100
56 101
56 109
56 127
56 137
56 149
57 73
57 75
57 78
57 82
57 87
57 99
57 115
57 122
57 127
57 135
57 139
58 74
58 77
58 78
58 112
58 121
59 76
59 84
59 93
59 95
59 102
59 106
59 112
59 113
59 128
59 143
60 65
60 70
60 80
60 103
60 106
60 117
60 118
60 129
60 134
60 138
61 72
61 74
61 91
61 105
61 107
61 109
61 113
61 118
61 128
61 137
61 138
61 139
61 142
61 148
62 66
62 71
62 84
62 95
62 107
62 110
62 132
62 134
62 147
62 148
63 68
63 69
63 77
63 80
63 95
63 105
63 111
63 118
63 121
63 137
63 149
64 80
64 86
64 87
64 88
64 102
64 135
64 145
65 80
65 83
65 87
65 92
65 93
65 102
65 116
65 118
66 75
66 83
66 90
66 96
66 104
66 109
66 115
66 126
66 127
66 133
67 79
67 83
67 121
67 126
67 139
68 72
68 74
68 79
68 84
68 96
68 106
68 119
68 124
68 136
69 73
69 86
69 106
69 117
69 118
69 132
70 71
70 73
70 76
70 78
70 93
70 116
70 118
70 125
71 76
71 91
71 108
71 109
71 118
71 119
72 84
72 120
72 130
72 133
72 140
73 81
73 85
73 96
73 97
73 102
73 126
73 133
73 147
74 84
74 89
74 94
74 107
74 109
74 113
74 120
74 148
75 80
75 101
75 102
75 106
75 140
76 90
76 98
76 104
76 127
76 149
77 110
77 115
77 116
77 131
77 132
77 133
77 143
77 144
78 95
78 102
78 114
78 118
78 122
79 81
79 83
79 93
79 97
79 104
79 133
79 141
79 146
79 147
80 88
80 92
80 94
80 97
80 111
80 122
81 90
81 91
81 100
81 104
81 130
81 132
81 136
81 148
82 86
82 91
82 94
82 96
82 97
82 113
82 116
82 148
83 85
83 88
83 94
83 100
83 103
83 112
83 126
83 149
84 94
84 95
84 101
84 112
84 132
84 137
84 140
84 145
85 94
85 99
85 106
85 112
85 113
85 122
85 136
85 139
86 93
86 99
86 110
86 112
86 147
87 88
87 103
87 115
87 138
87 149
88 92
88 95
88 122
88 128
88 129
88 131
88 138
88 142
89 92
89 93
89 135
89 137
89 145
90 91
90 97
90 111
90 137
90 139
90 140
91 99
91 100
91 101
91 118
91 143
91 149
92 94
92 95
92 128
92 133
92 138
92 140
93 98
93 99
93 101
93 117
93 125
93 129
93 134
94 95
94 104
94 115
94 143
95 109
95 110
95 113
95 117
95 125
95 130
95 138
96 98
96 114
96 130
96 134
96 135
96 139
96 143
96 147
97 106
97 110
97 113
97 118
97 148
98 100
98 105
98 118
98 144
98 147
99 111
99 115
99 143
100 107
100 110
100 111
100 123
100 126
100 132
100 138
101 102
101 107
101 112
101 116
101 117
101 124
101 125
101 133
101 145
102 107
102 110
102 113
102 121
102 138
103 112
103 116
103 122
103 126
103 130
103 144
104 115
104 118
104 141
104 146
105 111
105 113
105 117
105 119
105 129
105 149
106 109
106 119
106 123
106 124
106 134
107 128
107 136
107 143
108 120
108 134
108 144
109 123
109 139
109 144
109 146
110 126
110 145
110 147
111 124
111 125
111 145
112 132
113 118
113 121
113 140
113 141
114 123
114 124
114 128
114 139
114 146
115 119
115 135
116 121
116 133
116 143
117 143
117 146
118 122
118 140
119 130
119 137
120 136
120 148
121 123
121 125
121 130
121 133
121 148
121 149
122 130
122 132
122 133
122 138
123 125
123 129
123 137
123 146
124 130
124 139
125 134
125 148
126 129
126 138
126 142
127 129
128 129
128 147
129 131
129 134
129 149
130 140
131 146
132 136
132 141
134 143
135 143
135 148
136 138
136 139
137 140
137 148
138 141
141 142
142 143
142 145
143 148
145 149
