# Erdos-Renyi general graph G(n, p)
# nodes=1000 edge_probability=0.02 seed=42 edges=9925
# first data line: '<node count> <edge count>', then one '<source> <target>' pair per line
1000 9925
0 20
0 101
0 125
0 127
0 270
0 291
0 298
0 369
0 395
0 428
0 482
0 519
0 599
0 638
0 685
0 883
0 957
1 29
1 37
1 136
1 171
1 177
1 188
1 394
1 411
1 432
1 741
1 810
1 839
1 877
1 964
1 981
2 56
2 118
2 126
2 128
2 132
2 159
2 227
2 336
2 432
2 522
2 549
2 569
2 574
2 593
2 643
2 741
2 754
2 761
2 831
2 930
2 996
3 217
3 221
3 323
3 339
3 383
3 416
3 527
3 665
3 722
3 749
3 776
3 811
3 854
3 877
3 976
4 48
4 86
4 116
4 167
4 223
4 275
4 365
4 370
4 374
4 378
4 406
4 466
4 512
4 516
4 657
4 721
4 735
4 745
4 751
4 853
4 952
5 30
5 41
5 48
5 123
5 144
5 249
5 266
5 297
5 376
5 416
5 445
5 521
5 621
5 623
5 645
5 736
5 749
5 900
5 988
6 49
6 122
6 278
6 332
6 382
6 557
6 662
6 763
6 780
6 782
6 807
6 869
6 942
6 966
7 140
7 210
7 215
7 248
7 251
7 274
7 279
7 338
7 391
7 427
7 454
7 593
7 626
7 691
7 748
7 762
7 785
7 893
7 927
7 945
7 987
8 27
8 62
8 67
8 105
8 185
8 264
8 322
8 353
8 415
8 443
8 540
8 658
8 748
8 821
8 883
8 922
8 924
8 975
9 38
9 132
9 200
9 220
9 237
9 239
9 292
9 304
9 388
9 466
9 528
9 579
9 669
9 699
9 758
9 766
9 832
9 860
9 864
9 905
10 117
10 216
10 366
10 455
10 497
10 512
10 579
10 624
10 649
10 684
10 738
10 833
10 836
10 878
10 903
10 980
11 40
11 108
11 155
11 217
11 225
11 236
11 356
11 448
11 522
11 594
11 672
11 709
11 711
11 777
11 836
11 942
11 975
12 19
12 194
12 274
12 322
12 437
12 442
12 657
12 696
12 724
12 750
12 784
12 785
12 803
12 820
12 855
12 894
12 926
12 965
13 21
13 101
13 111
13 174
13 177
13 179
13 223
13 319
13 386
13 412
13 468
13 474
13 604
13 635
13 775
13 798
13 828
13 838
13 915
14 15
14 23
14 117
14 136
14 232
14 290
14 386
14 394
14 439
14 517
14 523
14 593
14 712
14 758
14 788
14 803
14 927
14 948
14 999
15 69
15 148
15 151
15 198
15 235
15 370
15 381
15 405
15 468
15 542
15 662
15 687
15 706
15 710
15 886
15 943
15 966
16 107
16 140
16 151
16 196
16 256
16 327
16 493
16 555
16 568
16 664
16 692
16 756
16 759
16 772
16 801
16 812
16 819
16 838
16 882
16 885
16 939
16 958
17 21
17 130
17 147
17 189
17 195
17 198
17 252
17 286
17 331
17 416
17 419
17 513
17 657
17 768
17 868
17 897
17 908
17 913
17 980
18 103
18 177
18 244
18 275
18 382
18 389
18 489
18 499
18 560
18 561
18 568
18 637
18 646
18 691
18 759
18 791
18 807
18 866
18 961
19 79
19 140
19 145
19 218
19 246
19 271
19 344
19 412
19 451
19 464
19 565
19 572
19 574
19 578
19 586
19 650
19 698
19 713
19 764
19 851
19 868
19 886
19 936
19 949
19 978
19 987
20 27
20 46
20 66
20 155
20 178
20 224
20 320
20 368
20 375
20 397
20 428
20 567
20 624
20 639
20 658
20 672
20 746
20 758
20 804
20 887
20 926
20 937
20 957
20 977
21 28
21 48
21 51
21 70
21 80
21 95
21 153
21 278
21 290
21 319
21 354
21 372
21 375
21 380
21 467
21 517
21 524
21 571
21 591
21 604
21 612
21 663
21 674
21 729
21 746
21 770
21 861
21 918
21 948
21 975
22 26
22 43
22 58
22 79
22 99
22 453
22 538
22 560
22 561
22 585
22 599
22 609
22 619
22 633
22 680
22 797
22 834
22 891
22 947
22 951
23 77
23 88
23 141
23 201
23 223
23 257
23 264
23 326
23 338
23 350
23 518
23 557
23 589
23 597
23 651
23 688
23 763
23 852
23 871
23 938
23 970
23 980
24 45
24 103
24 116
24 175
24 201
24 204
24 271
24 299
24 317
24 327
24 416
24 528
24 538
24 540
24 609
24 905
24 945
24 979
25 73
25 133
25 151
25 194
25 245
25 256
25 376
25 422
25 428
25 434
25 468
25 491
25 575
25 646
25 684
25 748
25 904
25 921
26 103
26 402
26 414
26 423
26 460
26 478
26 666
26 729
26 740
26 773
26 816
26 836
26 901
26 965
26 973
27 55
27 152
27 212
27 216
27 226
27 376
27 428
27 470
27 474
27 507
27 520
27 556
27 688
27 791
27 871
27 941
27 961
27 973
27 981
28 59
28 64
28 115
28 122
28 181
28 234
28 235
28 311
28 319
28 396
28 519
28 562
28 571
28 600
28 604
28 632
28 639
28 704
28 766
28 776
28 796
28 984
29 91
29 265
29 335
29 395
29 412
29 469
29 545
29 590
29 624
29 625
29 654
29 715
29 771
29 863
29 927
29 956
30 40
30 61
30 94
30 120
30 229
30 267
30 271
30 312
30 313
30 427
30 469
30 553
30 571
30 778
30 779
30 785
30 811
30 849
30 902
30 932
30 974
30 985
31 79
31 117
31 225
31 248
31 292
31 315
31 455
31 528
31 581
31 603
31 650
31 710
31 773
31 795
31 857
31 866
31 933
31 944
32 43
32 46
32 279
32 289
32 338
32 418
32 482
32 493
32 602
32 604
32 709
32 724
32 751
32 865
32 939
33 60
33 154
33 273
33 274
33 312
33 368
33 399
33 404
33 408
33 511
33 555
33 558
33 658
33 829
33 892
33 905
33 996
34 69
34 137
34 164
34 207
34 317
34 329
34 341
34 350
34 351
34 401
34 439
34 447
34 490
34 580
34 645
34 722
34 869
34 884
34 890
35 130
35 133
35 345
35 355
35 382
35 399
35 402
35 438
35 553
35 568
35 585
35 593
35 612
35 642
35 649
35 724
35 743
35 782
35 842
35 947
35 958
36 87
36 98
36 100
36 133
36 225
36 262
36 278
36 303
36 472
36 538
36 629
36 666
36 670
36 718
36 743
36 769
36 770
36 781
36 893
36 944
36 952
37 181
37 183
37 230
37 281
37 320
37 420
37 451
37 469
37 470
37 518
37 520
37 534
37 598
37 682
37 692
37 760
37 799
37 821
37 830
37 902
37 921
38 59
38 85
38 93
38 152
38 167
38 179
38 276
38 287
38 349
38 414
38 499
38 509
38 601
38 618
38 632
38 664
38 730
38 756
38 887
38 953
39 97
39 104
39 120
39 231
39 273
39 334
39 419
39 531
39 546
39 593
39 723
39 746
39 778
39 838
39 904
39 942
39 950
39 975
40 126
40 141
40 142
40 199
40 231
40 316
40 391
40 406
40 483
40 551
40 691
40 739
40 749
40 800
40 843
40 887
40 892
40 936
41 103
41 113
41 148
41 174
41 192
41 213
41 216
41 246
41 283
41 357
41 383
41 446
41 474
41 603
41 610
41 644
41 773
41 787
41 808
41 811
41 817
41 827
41 828
41 898
41 948
41 962
41 997
42 43
42 89
42 152
42 228
42 243
42 260
42 264
42 270
42 294
42 298
42 500
42 515
42 587
42 591
42 607
42 754
42 882
42 915
42 916
43 51
43 61
43 99
43 137
43 215
43 348
43 390
43 398
43 437
43 439
43 453
43 523
43 599
43 612
43 656
43 750
43 865
43 919
43 956
43 961
43 963
43 969
43 989
44 116
44 228
44 256
44 354
44 398
44 433
44 530
44 531
44 572
44 594
44 641
44 692
44 710
44 740
44 746
44 799
44 917
45 59
45 86
45 349
45 372
45 409
45 428
45 438
45 486
45 546
45 554
45 566
45 615
45 649
45 726
45 762
45 922
45 987
46 176
46 266
46 323
46 360
46 370
46 385
46 464
46 547
46 555
46 599
46 734
46 841
46 886
46 896
46 935
47 118
47 130
47 201
47 240
47 242
47 265
47 309
47 341
47 359
47 400
47 453
47 585
47 721
47 851
47 931
47 964
47 999
48 54
48 64
48 70
48 73
48 95
48 149
48 166
48 167
48 183
48 289
48 303
48 426
48 452
48 570
48 640
48 658
48 668
48 693
48 699
48 764
48 858
48 875
48 930
49 101
49 147
49 151
49 162
49 206
49 224
49 239
49 377
49 433
49 455
49 463
49 503
49 564
49 588
49 637
49 663
49 672
49 892
49 893
49 936
49 938
49 999
50 170
50 254
50 261
50 284
50 403
50 424
50 442
50 459
50 500
50 549
50 561
50 564
50 602
50 614
50 719
50 751
50 752
50 807
50 868
50 932
50 940
51 97
51 145
51 162
51 167
51 272
51 287
51 325
51 454
51 512
51 580
51 656
51 762
51 799
51 818
51 820
51 839
51 864
51 870
51 901
51 902
51 904
51 942
51 988
52 91
52 187
52 202
52 215
52 261
52 307
52 342
52 410
52 480
52 487
52 515
52 594
52 744
52 752
52 769
52 792
52 980
53 96
53 136
53 157
53 198
53 225
53 242
53 260
53 304
53 384
53 431
53 559
53 599
53 701
53 721
53 756
53 782
53 808
53 860
53 979
53 988
53 992
54 148
54 151
54 248
54 257
54 337
54 345
54 414
54 466
54 563
54 611
54 624
54 656
54 686
54 816
54 829
54 830
54 836
54 939
54 953
54 984
55 64
55 99
55 125
55 146
55 371
55 381
55 391
55 457
55 491
55 497
55 579
55 762
55 927
55 936
56 72
56 264
56 306
56 336
56 386
56 435
56 452
56 607
56 620
56 808
56 811
56 812
56 824
56 843
56 925
56 981
57 116
57 121
57 271
57 321
57 329
57 357
57 381
57 420
57 446
57 602
57 641
57 662
57 682
57 757
57 965
57 968
57 999
58 91
58 117
58 142
58 151
58 225
58 251
58 280
58 284
58 322
58 364
58 382
58 402
58 440
58 671
58 672
58 815
58 840
58 945
58 982
58 990
58 994
59 185
59 248
59 325
59 330
59 454
59 469
59 482
59 523
59 605
59 648
59 660
59 684
59 708
59 794
59 844
59 869
59 933
59 983
60 92
60 98
60 348
60 365
60 549
60 567
60 600
60 601
60 640
60 702
60 733
60 782
60 799
60 812
60 919
61 239
61 246
61 258
61 347
61 448
61 485
61 493
61 531
61 592
61 755
61 768
61 785
61 801
61 802
61 871
61 919
61 985
62 114
62 195
62 223
62 253
62 255
62 395
62 493
62 512
62 532
62 560
62 645
62 867
62 869
62 883
62 905
63 70
63 134
63 197
63 292
63 393
63 449
63 532
63 597
63 627
63 643
63 706
63 713
63 720
63 807
63 860
63 908
63 923
64 217
64 236
64 259
64 291
64 293
64 298
64 319
64 406
64 464
64 652
64 710
64 747
64 756
64 779
64 781
64 929
64 930
64 966
65 231
65 289
65 312
65 464
65 481
65 486
65 492
65 597
65 619
65 731
65 780
65 885
65 892
65 931
65 957
65 964
66 194
66 344
66 386
66 412
66 490
66 498
66 561
66 570
66 583
66 644
66 752
66 804
66 820
66 865
66 874
66 877
66 979
67 69
67 87
67 118
67 197
67 232
67 237
67 240
67 277
67 392
67 399
67 442
67 458
67 467
67 491
67 493
67 523
67 581
67 626
67 653
67 692
67 767
67 799
67 858
67 911
67 961
67 987
68 230
68 315
68 328
68 383
68 422
68 423
68 434
68 498
68 524
68 570
68 598
68 778
68 813
69 89
69 107
69 112
69 200
69 207
69 274
69 305
69 307
69 427
69 474
69 484
69 554
69 562
69 613
69 618
69 631
69 636
69 679
69 683
69 691
69 707
69 713
69 788
69 847
69 850
69 874
69 934
70 164
70 217
70 223
70 272
70 274
70 359
70 386
70 394
70 399
70 504
70 540
70 564
70 594
70 644
70 701
70 748
70 770
70 789
70 834
70 884
70 905
70 950
70 967
71 84
71 225
71 321
71 322
71 335
71 536
71 558
71 560
71 629
71 642
71 661
71 818
71 857
71 913
71 940
72 73
72 74
72 138
72 270
72 293
72 337
72 444
72 473
72 504
72 585
72 599
72 627
72 783
72 785
72 788
72 829
72 838
72 878
72 912
72 950
72 959
72 983
72 989
73 76
73 240
73 275
73 300
73 313
73 447
73 534
73 657
73 812
73 815
73 868
73 872
73 967
73 969
74 86
74 126
74 251
74 289
74 345
74 373
74 399
74 424
74 522
74 592
74 623
74 682
74 763
74 784
74 879
74 931
74 933
75 113
75 118
75 134
75 159
75 165
75 224
75 294
75 305
75 316
75 328
75 399
75 407
75 557
75 587
75 589
75 652
75 660
75 693
75 711
75 750
75 807
75 811
75 860
75 863
75 919
75 954
75 975
76 137
76 265
76 332
76 368
76 421
76 481
76 629
76 689
76 715
76 736
76 752
76 888
76 923
76 945
77 170
77 188
77 315
77 324
77 420
77 461
77 512
77 539
77 578
77 591
77 617
77 702
77 755
77 785
77 793
77 887
77 906
77 925
77 948
77 949
77 960
78 150
78 179
78 201
78 225
78 308
78 341
78 372
78 504
78 522
78 583
78 605
78 674
78 675
78 761
78 770
78 789
78 832
78 859
78 916
79 122
79 310
79 315
79 421
79 462
79 623
79 637
79 792
79 818
79 830
79 886
79 982
79 988
80 170
80 277
80 290
80 369
80 386
80 398
80 494
80 511
80 585
80 616
80 647
80 688
80 720
80 746
80 755
80 883
80 941
80 979
81 88
81 109
81 148
81 157
81 170
81 179
81 237
81 324
81 401
81 507
81 581
81 593
81 752
81 785
81 788
81 802
81 844
81 878
81 955
82 389
82 482
82 537
82 584
82 599
82 835
82 851
82 911
82 928
82 968
83 96
83 115
83 194
83 207
83 217
83 229
83 238
83 257
83 288
83 367
83 402
83 411
83 450
83 489
83 534
83 548
83 581
83 587
83 603
83 644
83 680
83 742
83 745
83 998
84 187
84 205
84 211
84 235
84 297
84 329
84 387
84 389
84 511
84 552
84 617
84 661
84 727
84 742
84 887
84 892
84 919
84 941
84 958
84 959
84 980
85 130
85 132
85 255
85 290
85 425
85 452
85 474
85 513
85 561
85 635
85 657
85 717
85 799
85 854
85 923
85 959
85 981
86 108
86 151
86 182
86 242
86 417
86 422
86 542
86 546
86 749
86 763
86 847
86 955
87 100
87 222
87 302
87 307
87 418
87 512
87 517
87 524
87 625
87 631
87 649
87 769
87 787
87 856
87 857
87 970
88 107
88 117
88 238
88 273
88 312
88 347
88 361
88 515
88 527
88 566
88 616
88 631
88 654
88 761
88 834
88 931
88 960
89 193
89 204
89 216
89 285
89 304
89 341
89 380
89 401
89 432
89 461
89 485
89 507
89 571
89 598
89 717
89 757
89 803
89 861
89 914
89 937
90 146
90 267
90 373
90 402
90 426
90 429
90 509
90 521
90 531
90 560
90 598
90 669
90 687
90 736
90 790
90 836
90 965
90 980
91 101
91 144
91 161
91 169
91 186
91 207
91 244
91 305
91 307
91 409
91 438
91 488
91 492
91 493
91 626
91 644
91 656
91 815
91 841
91 981
92 121
92 202
92 205
92 263
92 410
92 435
92 521
92 537
92 658
92 712
92 756
92 784
92 885
92 930
92 932
92 968
93 144
93 154
93 157
93 198
93 219
93 220
93 222
93 388
93 409
93 467
93 493
93 585
93 591
93 602
93 646
93 653
93 672
93 733
93 777
93 843
93 845
93 853
93 874
93 880
93 964
93 972
94 116
94 118
94 249
94 273
94 300
94 303
94 321
94 337
94 347
94 367
94 454
94 593
94 603
94 626
94 659
94 692
94 743
94 744
94 761
94 772
94 778
94 784
94 808
94 825
94 852
94 863
94 943
95 104
95 309
95 365
95 396
95 469
95 488
95 505
95 655
95 673
95 848
95 879
95 936
96 112
96 135
96 220
96 258
96 314
96 334
96 364
96 366
96 543
96 748
96 766
96 837
97 183
97 210
97 261
97 294
97 297
97 323
97 397
97 517
97 610
97 661
97 679
97 737
97 972
98 119
98 220
98 375
98 434
98 496
98 498
98 609
98 645
98 670
98 707
98 822
98 852
98 876
98 898
98 941
98 952
99 125
99 219
99 274
99 303
99 335
99 341
99 428
99 442
99 456
99 477
99 672
99 772
99 775
99 825
99 918
99 951
100 153
100 278
100 395
100 417
100 506
100 507
100 524
100 526
100 559
100 603
100 618
100 621
100 670
100 715
100 867
100 872
100 885
100 938
101 105
101 120
101 207
101 208
101 220
101 221
101 279
101 280
101 298
101 306
101 369
101 430
101 447
101 502
101 635
101 644
101 659
101 703
101 708
101 752
101 786
101 806
101 824
101 998
102 195
102 220
102 279
102 287
102 290
102 338
102 401
102 479
102 590
102 906
103 123
103 136
103 154
103 176
103 210
103 243
103 250
103 260
103 275
103 322
103 340
103 354
103 427
103 430
103 511
103 546
103 625
103 688
103 708
103 718
103 759
103 871
103 925
103 943
104 114
104 178
104 275
104 289
104 295
104 372
104 457
104 464
104 487
104 543
104 571
104 628
104 717
104 770
104 823
104 827
104 840
104 845
104 892
104 893
104 897
104 936
104 953
104 954
105 163
105 192
105 210
105 305
105 324
105 344
105 402
105 424
105 523
105 571
105 614
105 704
105 715
105 765
105 784
105 795
105 879
105 887
106 159
106 197
106 202
106 223
106 319
106 334
106 422
106 527
106 553
106 662
106 674
106 863
106 925
106 938
106 939
107 175
107 181
107 236
107 254
107 268
107 287
107 335
107 403
107 669
107 734
107 754
107 777
107 844
107 845
107 890
107 925
107 935
107 945
107 973
107 976
107 991
108 132
108 150
108 196
108 256
108 520
108 556
108 562
108 582
108 614
108 618
108 622
108 695
108 800
108 879
108 934
109 118
109 127
109 154
109 167
109 279
109 390
109 521
109 718
109 737
109 755
109 794
109 849
109 858
109 969
110 156
110 159
110 214
110 225
110 288
110 293
110 420
110 464
110 505
110 525
110 610
110 671
110 700
110 721
110 790
110 888
110 903
110 955
111 129
111 149
111 198
111 225
111 304
111 367
111 385
111 419
111 499
111 580
111 586
111 676
111 678
111 770
111 777
111 792
111 855
111 931
111 969
111 970
111 986
112 161
112 310
112 323
112 343
112 363
112 408
112 442
112 449
112 488
112 525
112 561
112 590
112 600
112 637
112 705
112 788
112 792
112 794
112 799
112 807
112 825
112 836
112 895
112 900
112 959
113 424
113 487
113 519
113 539
113 581
113 725
113 752
113 760
113 856
113 997
114 136
114 258
114 424
114 492
114 551
114 578
114 636
114 659
114 715
114 803
114 886
115 123
115 147
115 152
115 161
115 164
115 252
115 501
115 553
115 654
115 708
115 730
115 762
115 765
115 841
116 122
116 190
116 269
116 309
116 344
116 362
116 365
116 407
116 502
116 519
116 669
116 670
116 830
116 947
116 976
116 991
117 145
117 284
117 365
117 436
117 463
117 499
117 531
117 558
117 607
117 609
117 620
117 685
117 691
117 733
117 751
117 862
117 947
117 962
117 971
118 182
118 248
118 278
118 551
118 661
118 772
118 776
118 857
118 899
119 124
119 192
119 393
119 401
119 446
119 508
119 536
119 537
119 597
119 612
119 625
119 705
119 712
119 799
119 870
119 895
119 925
119 966
120 173
120 193
120 263
120 319
120 394
120 562
120 563
120 618
120 692
120 740
120 836
120 860
120 881
120 965
120 981
121 123
121 240
121 246
121 254
121 263
121 367
121 394
121 400
121 472
121 516
121 577
121 581
121 697
121 785
121 925
121 994
122 148
122 227
122 267
122 352
122 392
122 404
122 472
122 476
122 678
122 688
122 718
122 734
122 777
122 786
122 842
122 944
122 945
123 179
123 351
123 353
123 381
123 439
123 446
123 452
123 478
123 559
123 579
123 602
123 626
123 640
123 685
123 689
123 757
123 849
123 860
123 868
123 876
123 986
124 170
124 203
124 284
124 551
124 663
124 667
124 683
124 691
124 737
124 790
124 894
125 203
125 204
125 220
125 287
125 307
125 339
125 393
125 426
125 450
125 555
125 572
125 633
125 643
125 667
125 675
125 696
125 731
125 812
125 840
125 874
125 891
125 907
125 962
125 966
126 130
126 157
126 159
126 216
126 283
126 305
126 360
126 392
126 494
126 588
126 625
126 634
126 698
126 707
126 710
126 753
126 778
126 855
126 862
126 956
127 177
127 239
127 247
127 251
127 367
127 432
127 492
127 499
127 523
127 587
127 604
127 676
127 788
127 860
127 900
127 949
127 957
128 241
128 364
128 420
128 615
128 616
128 769
128 872
128 890
128 966
128 997
129 143
129 184
129 195
129 268
129 285
129 291
129 328
129 390
129 447
129 461
129 672
129 715
129 788
129 953
130 162
130 193
130 275
130 327
130 343
130 391
130 392
130 403
130 472
130 511
130 543
130 578
130 637
130 672
130 704
130 718
130 865
130 983
131 179
131 189
131 231
131 251
131 329
131 335
131 369
131 430
131 464
131 504
131 547
131 582
131 628
131 658
131 742
131 843
132 507
132 599
132 617
132 692
132 722
132 729
132 772
132 815
132 872
132 894
132 923
132 952
133 149
133 240
133 265
133 334
133 349
133 372
133 469
133 533
133 549
133 645
133 805
133 820
133 917
134 168
134 184
134 262
134 266
134 357
134 361
134 387
134 499
134 505
134 506
134 510
134 573
134 666
134 681
134 884
134 900
134 959
134 988
135 147
135 235
135 246
135 290
135 315
135 399
135 405
135 412
135 515
135 567
135 685
135 715
135 741
135 754
135 933
135 972
135 998
136 142
136 153
136 250
136 305
136 399
136 410
136 478
136 481
136 530
136 635
136 692
136 696
136 735
136 737
136 763
136 774
136 789
136 848
136 870
136 937
136 999
137 144
137 203
137 232
137 251
137 336
137 340
137 361
137 377
137 404
137 439
137 456
137 715
137 760
137 808
137 821
137 881
137 936
138 150
138 151
138 330
138 387
138 453
138 542
138 664
138 749
138 875
138 919
138 951
138 970
139 150
139 171
139 248
139 279
139 295
139 298
139 383
139 432
139 444
139 473
139 483
139 506
139 538
139 540
139 668
139 859
139 959
139 962
140 173
140 228
140 243
140 309
140 328
140 338
140 412
140 459
140 591
140 693
140 712
140 717
140 783
140 820
140 834
140 851
140 905
140 939
140 960
140 996
141 242
141 293
141 386
141 388
141 442
141 465
141 467
141 503
141 554
141 590
141 606
141 608
141 625
141 627
141 635
141 678
141 715
141 755
141 843
141 872
141 920
142 242
142 249
142 251
142 269
142 315
142 344
142 356
142 510
142 560
142 564
142 754
142 793
142 819
142 850
142 856
143 168
143 195
143 219
143 314
143 367
143 424
143 428
143 460
143 530
143 580
143 588
143 598
143 637
143 724
143 811
143 891
143 910
144 222
144 242
144 257
144 283
144 429
144 431
144 602
144 689
144 887
145 173
145 330
145 352
145 359
145 416
145 428
145 438
145 461
145 516
145 547
145 567
145 594
145 620
145 650
145 699
145 793
145 880
145 894
145 930
146 158
146 179
146 232
146 259
146 326
146 338
146 397
146 488
146 544
146 551
146 554
146 573
146 594
146 635
146 678
146 714
146 795
146 856
146 905
146 923
146 926
146 958
147 376
147 467
147 504
147 563
147 569
147 615
147 664
147 863
147 945
147 983
148 235
148 264
148 356
148 393
148 406
148 427
148 519
148 593
148 623
148 648
148 721
148 726
148 775
148 780
148 794
148 908
148 930
148 994
149 222
149 250
149 261
149 349
149 351
149 385
149 417
149 430
149 431
149 463
149 548
149 593
149 596
149 639
149 649
149 790
149 805
149 874
149 887
149 916
149 927
149 975
150 155
150 246
150 353
150 388
150 527
150 542
150 607
150 630
150 636
150 661
150 671
150 718
150 719
150 834
150 839
150 875
151 186
151 206
151 207
151 209
151 249
151 378
151 421
151 435
151 459
151 466
151 511
151 523
151 549
151 555
151 576
151 584
151 607
151 666
151 725
151 738
151 785
151 830
151 850
151 857
151 898
152 220
152 271
152 320
152 330
152 351
152 453
152 538
152 618
152 645
152 663
152 707
152 905
152 955
152 959
153 183
153 184
153 217
153 278
153 325
153 339
153 445
153 499
153 518
153 539
153 551
153 587
153 605
153 636
153 690
153 824
153 866
153 889
153 903
154 242
154 330
154 336
154 362
154 476
154 533
154 537
154 684
154 704
154 817
154 859
154 869
154 875
154 887
154 924
155 156
155 268
155 290
155 424
155 428
155 457
155 524
155 549
155 575
155 591
155 626
155 645
155 786
155 791
155 844
155 892
155 920
155 948
156 301
156 335
156 387
156 401
156 418
156 600
156 610
156 620
156 640
156 648
156 656
156 721
156 749
156 759
156 872
156 873
156 883
156 920
156 992
157 165
157 218
157 247
157 321
157 426
157 429
157 444
157 496
157 662
157 682
157 691
157 752
157 779
157 790
157 870
157 881
157 995
158 185
158 297
158 301
158 313
158 339
158 405
158 538
158 603
158 684
158 784
158 795
158 818
158 924
158 981
159 201
159 281
159 382
159 423
159 454
159 551
159 584
159 586
159 611
159 675
159 727
159 785
159 792
159 807
159 819
159 871
159 966
159 973
160 188
160 242
160 345
160 539
160 650
160 663
160 715
160 740
160 757
160 910
160 938
160 944
161 281
161 330
161 362
161 406
161 412
161 490
161 503
161 524
161 569
161 583
161 632
161 687
161 705
161 787
161 844
161 851
161 863
161 928
162 181
162 190
162 196
162 331
162 334
162 379
162 419
162 734
162 768
162 781
162 790
162 865
162 869
162 894
162 895
162 944
162 958
163 255
163 274
163 288
163 290
163 385
163 427
163 488
163 533
163 567
163 572
163 638
163 653
163 734
163 753
163 962
163 980
164 298
164 299
164 377
164 397
164 448
164 454
164 593
164 649
164 667
164 684
164 695
164 784
164 822
165 214
165 322
165 341
165 370
165 389
165 587
165 630
165 685
165 706
165 756
165 768
165 771
165 841
165 869
165 872
165 887
165 901
165 924
165 943
166 208
166 225
166 264
166 281
166 405
166 458
166 479
166 555
166 602
166 607
166 682
166 685
166 722
166 734
166 759
166 778
166 781
166 843
166 869
166 960
166 984
167 181
167 200
167 228
167 231
167 283
167 292
167 319
167 327
167 396
167 460
167 490
167 551
167 585
167 606
167 687
167 926
167 942
167 957
168 176
168 186
168 192
168 249
168 287
168 361
168 410
168 442
168 445
168 488
168 603
168 641
168 707
168 728
168 744
168 772
168 787
168 903
168 911
168 962
168 991
168 992
169 199
169 237
169 279
169 348
169 469
169 515
169 555
169 637
169 653
169 701
169 705
169 738
169 843
169 878
169 881
169 891
170 217
170 244
170 287
170 375
170 383
170 413
170 595
170 634
170 724
170 757
170 797
170 804
170 806
170 837
170 849
170 872
170 986
171 214
171 366
171 490
171 668
171 807
171 944
171 946
171 975
171 982
172 176
172 208
172 299
172 313
172 346
172 363
172 379
172 397
172 406
172 490
172 565
172 581
172 634
172 688
172 919
172 975
173 186
173 215
173 238
173 276
173 329
173 366
173 375
173 396
173 418
173 424
173 434
173 441
173 643
173 708
173 769
174 189
174 313
174 341
174 348
174 455
174 456
174 461
174 489
174 526
174 530
174 752
174 753
174 756
174 775
174 808
174 823
174 842
174 867
174 912
174 920
175 183
175 202
175 223
175 327
175 346
175 352
175 364
175 371
175 377
175 432
175 599
175 678
175 722
175 724
175 986
176 199
176 259
176 390
176 395
176 430
176 452
176 473
176 519
176 520
176 540
176 592
176 594
176 634
176 637
176 722
176 758
176 769
176 791
176 928
177 184
177 263
177 273
177 391
177 396
177 437
177 467
177 497
177 545
177 577
177 668
177 692
177 792
177 842
177 870
177 875
177 992
178 260
178 324
178 345
178 370
178 381
178 388
178 420
178 432
178 466
178 812
178 814
178 856
179 186
179 188
179 244
179 290
179 348
179 352
179 431
179 499
179 514
179 606
179 623
179 636
179 688
179 729
179 744
179 803
179 870
179 933
179 941
179 982
180 270
180 348
180 387
180 397
180 446
180 447
180 464
180 465
180 530
180 564
180 742
180 808
180 833
180 834
180 945
180 951
180 952
180 969
181 279
181 344
181 394
181 400
181 406
181 476
181 502
181 509
181 523
181 636
181 643
181 686
181 707
181 723
181 725
181 786
181 787
181 803
181 825
181 883
181 940
182 185
182 232
182 418
182 478
182 642
182 717
182 727
182 732
182 738
182 749
182 824
182 889
182 921
182 952
183 190
183 244
183 372
183 394
183 417
183 480
183 575
183 614
183 621
183 740
183 847
183 895
183 940
184 203
184 230
184 252
184 256
184 331
184 343
184 410
184 435
184 476
184 506
184 571
184 576
184 585
184 605
184 654
184 658
184 709
184 715
184 726
184 900
184 920
185 239
185 257
185 302
185 335
185 441
185 601
185 634
185 647
185 689
185 772
185 791
185 828
186 209
186 245
186 258
186 278
186 282
186 479
186 527
186 546
186 548
186 567
186 576
186 637
186 712
186 748
186 749
186 777
186 788
186 867
186 881
187 228
187 262
187 285
187 314
187 339
187 347
187 519
187 560
187 578
187 628
187 656
187 661
187 707
187 753
187 755
187 855
187 941
187 966
187 968
188 193
188 220
188 245
188 282
188 299
188 306
188 362
188 364
188 467
188 534
188 543
188 590
188 603
188 615
188 631
188 632
188 806
188 859
188 919
189 261
189 476
189 504
189 527
189 636
189 782
189 794
189 909
190 192
190 249
190 383
190 415
190 434
190 527
190 629
190 675
190 685
190 697
190 727
190 780
190 858
190 982
191 233
191 234
191 240
191 244
191 303
191 340
191 437
191 442
191 500
191 577
191 581
191 663
191 692
191 740
191 747
191 754
191 827
191 851
191 854
191 917
192 209
192 222
192 243
192 274
192 296
192 307
192 313
192 438
192 470
192 531
192 533
192 558
192 563
192 580
192 626
192 734
192 741
192 809
192 852
192 876
192 958
192 961
193 423
193 477
193 483
193 492
193 503
193 588
193 592
193 621
193 754
193 791
193 814
193 858
193 877
193 889
193 900
193 927
193 932
193 947
193 964
193 973
194 217
194 264
194 347
194 354
194 467
194 486
194 514
194 515
194 545
194 559
194 808
194 883
194 884
194 889
194 890
194 953
195 287
195 313
195 344
195 348
195 381
195 403
195 431
195 456
195 474
195 685
195 706
195 732
195 881
196 218
196 304
196 350
196 443
196 459
196 570
196 639
196 650
196 691
196 768
196 851
196 887
196 952
197 418
197 432
197 589
197 646
197 688
197 725
197 778
197 919
197 923
197 972
197 986
198 215
198 246
198 283
198 301
198 302
198 325
198 349
198 392
198 598
198 672
198 710
198 762
198 952
198 984
199 202
199 372
199 374
199 389
199 449
199 467
199 490
199 549
199 569
199 586
199 633
199 666
199 697
199 704
199 711
199 766
199 816
199 907
199 993
200 209
200 212
200 233
200 258
200 278
200 377
200 385
200 488
200 539
200 543
200 584
200 608
200 669
200 673
200 730
200 759
200 785
200 895
200 904
200 916
200 925
201 342
201 374
201 424
201 458
201 513
201 532
201 621
201 685
201 750
201 751
201 885
201 886
201 984
202 204
202 261
202 378
202 518
202 564
202 622
202 688
202 745
202 746
202 758
202 792
202 876
202 910
202 951
202 981
203 211
203 245
203 374
203 395
203 455
203 546
203 562
203 590
203 605
203 688
203 693
203 823
203 889
203 904
203 908
203 957
204 264
204 290
204 366
204 457
204 464
204 473
204 546
204 585
204 595
204 596
204 681
204 766
204 849
204 888
204 921
204 994
205 335
205 420
205 472
205 499
205 584
205 594
205 650
205 652
205 654
205 679
205 730
205 779
205 781
205 806
205 936
206 213
206 260
206 273
206 395
206 412
206 496
206 576
206 580
206 691
206 766
206 780
206 809
206 883
206 949
206 959
207 208
207 228
207 306
207 416
207 428
207 450
207 455
207 466
207 550
207 560
207 569
207 711
207 776
207 816
207 844
207 958
207 963
208 261
208 274
208 330
208 373
208 500
208 523
208 588
208 655
208 657
208 799
209 248
209 288
209 432
209 480
209 494
209 517
209 557
209 569
209 572
209 577
209 591
209 683
209 779
209 782
209 837
209 917
209 925
209 937
210 338
210 347
210 414
210 459
210 580
210 624
210 678
210 767
210 783
210 825
210 860
210 893
210 900
210 971
211 236
211 253
211 309
211 356
211 520
211 573
211 637
211 691
211 711
211 772
211 835
211 838
211 905
211 956
212 271
212 272
212 292
212 399
212 440
212 441
212 472
212 481
212 534
212 606
212 610
212 692
212 710
212 802
212 899
212 973
212 998
213 232
213 309
213 680
213 779
213 814
213 846
213 865
214 225
214 313
214 316
214 338
214 366
214 371
214 375
214 412
214 438
214 447
214 479
214 616
214 630
214 647
214 697
214 738
214 784
214 816
214 853
214 906
214 908
215 434
215 520
215 528
215 587
215 615
215 656
215 673
215 696
215 708
215 716
215 762
215 768
215 801
215 831
215 857
215 881
215 945
215 949
215 961
215 972
215 996
216 247
216 285
216 286
216 377
216 385
216 398
216 410
216 414
216 494
216 597
216 626
216 645
216 696
216 708
216 849
216 899
216 911
216 941
216 978
217 281
217 349
217 364
217 410
217 442
217 483
217 611
217 731
217 747
217 763
217 814
217 896
217 932
218 304
218 355
218 410
218 507
218 588
218 645
218 710
218 877
218 989
219 243
219 313
219 334
219 417
219 672
219 692
219 739
219 866
219 880
219 888
219 925
220 282
220 294
220 305
220 425
220 500
220 502
220 542
220 612
220 677
220 705
220 797
220 850
220 982
221 268
221 304
221 361
221 394
221 396
221 415
221 425
221 529
221 548
221 558
221 629
221 640
221 677
221 869
221 877
221 898
222 223
222 230
222 243
222 341
222 574
222 751
222 801
222 859
222 871
222 900
222 907
222 917
222 952
222 961
222 998
223 323
223 329
223 369
223 385
223 394
223 401
223 410
223 553
223 558
223 663
223 722
223 754
223 756
223 809
223 895
223 899
223 980
224 249
224 281
224 304
224 316
224 346
224 356
224 493
224 514
224 723
224 778
224 839
224 864
224 925
225 255
225 272
225 397
225 542
225 674
225 890
225 913
225 916
225 959
225 966
225 972
226 291
226 292
226 320
226 379
226 530
226 540
226 685
226 744
226 749
226 795
226 805
226 806
226 828
226 914
226 944
226 970
227 237
227 284
227 290
227 398
227 410
227 452
227 483
227 626
227 658
227 680
227 760
227 776
227 815
227 819
227 826
227 858
227 870
227 966
227 975
227 990
228 298
228 302
228 432
228 436
228 465
228 577
228 652
228 683
228 721
228 766
228 786
228 827
228 875
228 915
228 919
228 969
229 287
229 355
229 415
229 463
229 474
229 526
229 543
229 644
229 693
229 750
229 832
229 854
229 974
230 360
230 363
230 457
230 526
230 695
230 727
230 731
230 913
230 956
231 266
231 276
231 365
231 387
231 389
231 395
231 421
231 429
231 436
231 449
231 805
231 907
232 345
232 453
232 496
232 560
232 622
232 660
232 720
232 741
232 742
232 849
232 879
233 332
233 418
233 457
233 505
233 517
233 535
233 566
233 682
233 823
233 855
233 914
234 295
234 314
234 384
234 549
234 699
234 767
234 780
234 789
234 853
234 918
234 979
235 259
235 278
235 329
235 356
235 435
235 465
235 467
235 514
235 522
235 545
235 652
235 694
235 728
235 801
235 807
235 833
235 852
235 871
235 901
235 920
236 305
236 350
236 368
236 453
236 498
236 571
236 598
236 708
236 746
236 763
236 812
236 835
236 954
237 384
237 394
237 399
237 431
237 450
237 474
237 510
237 536
237 571
237 605
237 657
237 692
237 735
237 766
237 772
237 795
237 809
237 961
238 281
238 313
238 314
238 327
238 380
238 457
238 547
238 556
238 608
238 799
238 897
238 979
239 314
239 317
239 323
239 472
239 510
239 558
239 569
239 598
239 599
239 628
239 703
239 726
239 752
239 792
239 904
240 409
240 469
240 484
240 503
240 506
240 540
240 611
240 612
240 614
240 630
240 676
240 886
240 905
240 911
240 923
240 959
240 965
241 245
241 259
241 284
241 460
241 481
241 493
241 526
241 554
241 632
241 682
241 765
241 802
241 853
241 892
241 937
242 272
242 290
242 316
242 319
242 391
242 431
242 457
242 478
242 484
242 513
242 524
242 567
242 568
242 663
242 716
242 737
242 887
242 997
243 269
243 300
243 388
243 427
243 430
243 498
243 569
243 600
243 616
243 706
243 723
243 749
243 798
243 897
243 927
243 989
243 992
244 515
244 557
244 623
244 631
244 635
244 637
244 717
244 845
244 850
244 919
244 966
245 259
245 340
245 346
245 464
245 475
245 485
245 510
245 570
245 574
245 666
245 713
245 727
245 755
245 915
245 981
246 283
246 321
246 448
246 614
246 624
246 708
246 734
246 893
246 901
246 968
247 280
247 304
247 344
247 415
247 441
247 466
247 533
247 613
247 619
247 629
247 688
247 698
247 815
247 820
247 848
247 853
248 275
248 323
248 324
248 346
248 416
248 536
248 679
248 691
248 733
248 775
248 776
248 794
248 826
248 837
248 889
248 898
248 918
249 353
249 506
249 529
249 532
249 615
249 638
249 716
249 751
249 853
249 960
250 294
250 312
250 372
250 398
250 437
250 533
250 579
250 591
250 601
250 616
250 654
250 661
250 767
250 779
250 781
250 801
250 828
250 969
250 996
251 346
251 354
251 501
251 696
251 846
251 885
251 923
251 952
252 301
252 302
252 316
252 357
252 378
252 383
252 466
252 481
252 529
252 632
252 636
252 670
252 725
252 803
252 807
252 932
253 269
253 308
253 324
253 422
253 447
253 490
253 513
253 578
253 595
253 602
253 604
253 621
253 653
253 688
253 708
253 712
253 726
253 773
253 792
253 832
253 900
253 945
253 981
253 984
254 282
254 303
254 326
254 350
254 366
254 400
254 421
254 512
254 540
254 579
254 668
254 685
254 787
254 790
254 848
254 959
254 964
254 985
255 271
255 318
255 327
255 375
255 376
255 377
255 382
255 409
255 411
255 415
255 477
255 676
255 740
255 797
255 800
255 802
255 810
255 815
255 854
255 906
255 913
256 268
256 287
256 291
256 298
256 300
256 381
256 390
256 443
256 459
256 467
256 482
256 528
256 539
256 576
256 613
256 624
256 659
256 678
256 711
256 828
256 844
256 858
257 273
257 386
257 431
257 432
257 440
257 571
257 606
257 696
257 715
257 818
257 873
257 883
257 957
257 967
257 994
258 285
258 354
258 407
258 452
258 533
258 608
258 682
258 712
258 933
258 967
259 350
259 372
259 381
259 423
259 430
259 452
259 465
259 581
259 587
259 765
259 801
259 862
259 896
259 912
259 915
259 925
260 289
260 350
260 496
260 539
260 590
260 766
260 805
260 873
260 896
260 987
261 367
261 479
261 489
261 547
261 571
261 626
261 639
261 690
261 801
261 805
261 836
261 887
261 891
261 914
261 989
262 270
262 527
262 616
262 623
262 637
262 724
262 733
262 783
262 809
262 839
262 935
263 271
263 289
263 428
263 524
263 543
263 571
263 584
263 611
263 692
263 763
263 858
263 925
264 274
264 304
264 323
264 334
264 358
264 394
264 435
264 503
264 516
264 538
264 597
264 599
264 639
264 660
264 662
264 757
264 834
264 913
264 960
265 269
265 270
265 371
265 548
265 574
265 583
265 603
265 640
265 712
265 774
265 803
265 816
265 835
265 869
265 896
265 973
266 342
266 351
266 353
266 354
266 458
266 485
266 581
266 601
266 619
266 663
266 687
266 713
266 715
266 740
266 783
266 903
266 993
267 432
267 447
267 451
267 466
267 533
267 640
267 720
267 783
267 809
267 870
267 957
267 966
268 373
268 429
268 476
268 619
268 625
268 661
268 745
268 788
268 810
268 820
268 838
268 874
268 885
268 945
268 955
268 961
268 973
268 975
268 988
268 999
269 291
269 307
269 414
269 421
269 480
269 555
269 565
269 625
269 644
269 715
269 716
269 936
269 937
269 994
269 999
270 321
270 336
270 338
270 406
270 465
270 470
270 557
270 727
271 274
271 296
271 330
271 350
271 409
271 498
271 536
271 569
271 604
271 611
271 658
271 664
271 845
271 847
271 950
271 971
271 985
271 989
272 294
272 306
272 307
272 320
272 334
272 360
272 376
272 403
272 433
272 455
272 477
272 584
272 596
272 601
272 646
272 654
272 718
272 722
272 829
272 837
272 840
272 874
272 894
272 934
272 950
272 971
273 401
273 523
273 561
273 582
273 612
273 646
273 780
273 788
273 837
273 846
273 850
273 873
273 902
273 983
274 281
274 302
274 352
274 411
274 427
274 439
274 537
274 572
274 577
274 640
274 681
274 707
274 748
274 796
274 824
274 849
274 856
274 869
274 886
274 893
274 895
274 938
275 368
275 491
275 494
275 507
275 567
275 571
275 658
275 696
275 730
275 761
275 811
275 874
275 884
275 892
275 956
276 353
276 413
276 417
276 440
276 478
276 575
276 644
276 735
276 814
276 818
276 843
276 902
276 914
276 986
276 997
277 313
277 373
277 376
277 384
277 400
277 405
277 427
277 448
277 494
277 500
277 536
277 540
277 554
277 588
277 702
277 860
277 946
278 328
278 388
278 393
278 410
278 586
278 642
278 670
278 681
278 698
278 818
278 857
278 869
278 974
279 303
279 328
279 348
279 466
279 562
279 637
279 650
279 687
279 740
279 859
279 890
279 938
280 567
280 575
280 579
280 610
280 675
280 704
280 722
280 872
280 881
280 959
280 983
280 994
281 351
281 419
281 423
281 424
281 593
281 753
281 867
281 897
282 612
282 646
282 763
282 819
282 867
282 881
282 888
282 898
282 947
283 304
283 320
283 326
283 396
283 484
283 486
283 561
283 571
283 583
283 601
283 655
283 776
283 778
283 799
283 857
283 872
283 900
283 926
283 985
284 294
284 341
284 357
284 388
284 413
284 442
284 456
284 475
284 509
284 558
284 585
284 591
284 600
284 768
284 866
284 873
284 877
284 965
284 992
285 311
285 350
285 439
285 449
285 480
285 513
285 526
285 547
285 582
285 585
285 635
285 674
285 715
285 719
285 837
285 838
285 863
285 888
285 944
285 981
285 984
286 331
286 341
286 412
286 433
286 506
286 591
286 650
286 745
286 806
286 811
286 852
286 887
287 309
287 400
287 448
287 503
287 596
287 601
287 650
287 656
287 689
287 731
287 752
287 836
287 929
287 936
287 997
288 333
288 404
288 657
288 715
288 736
288 761
288 769
288 860
288 877
288 880
288 974
289 301
289 343
289 368
289 399
289 491
289 550
289 656
289 714
289 763
289 885
289 942
290 325
290 330
290 425
290 516
290 719
290 742
290 835
290 852
290 946
291 320
291 503
291 527
291 542
291 576
291 662
291 684
291 736
291 759
291 871
291 872
291 934
291 938
291 940
291 942
291 962
291 963
292 314
292 345
292 355
292 381
292 388
292 424
292 429
292 444
292 531
292 628
292 691
292 754
292 876
292 943
292 969
292 988
292 995
293 296
293 381
293 394
293 430
293 457
293 462
293 496
293 605
293 700
293 701
293 738
293 764
293 784
293 858
293 909
293 987
294 303
294 324
294 396
294 421
294 517
294 539
294 572
294 620
294 663
294 727
294 745
294 752
294 805
294 965
295 369
295 379
295 508
295 538
295 687
295 846
295 868
295 882
295 994
296 305
296 389
296 403
296 582
296 729
296 858
297 475
297 628
297 640
297 781
297 804
297 887
297 890
297 941
297 949
297 974
298 319
298 333
298 409
298 431
298 461
298 483
298 485
298 743
298 752
298 758
298 780
298 889
298 896
298 916
298 948
299 396
299 404
299 439
299 440
299 444
299 546
299 588
299 693
299 720
299 944
299 998
300 383
300 399
300 565
300 672
300 697
300 728
300 756
300 758
300 806
300 812
300 864
300 935
300 966
300 996
301 350
301 500
301 506
301 533
301 562
301 579
301 666
301 738
301 752
301 771
301 827
301 838
301 870
301 872
301 905
301 933
301 937
301 952
302 318
302 329
302 358
302 373
302 379
302 400
302 521
302 629
302 679
302 760
302 786
302 806
302 829
302 910
302 995
303 478
303 497
303 526
303 552
303 558
303 603
303 627
303 638
303 667
303 680
303 831
303 862
303 896
303 899
303 961
304 374
304 381
304 424
304 431
304 504
304 546
304 600
304 708
304 720
304 790
304 799
304 848
304 878
304 892
305 347
305 413
305 426
305 594
305 599
305 601
305 636
305 661
305 713
305 719
305 745
305 758
305 878
306 329
306 469
306 513
306 520
306 608
306 646
306 648
306 664
306 726
306 747
307 328
307 428
307 509
307 512
307 561
307 576
307 652
307 922
307 937
308 359
308 478
308 496
308 623
308 627
308 648
308 779
308 820
308 843
309 328
309 335
309 377
309 421
309 563
309 620
309 642
309 678
309 847
309 871
309 947
309 963
309 975
310 349
310 353
310 526
310 589
310 591
310 629
310 658
310 722
310 880
310 902
310 948
310 953
311 315
311 533
311 556
311 785
311 796
311 854
311 884
312 380
312 517
312 526
312 533
312 559
312 595
312 643
312 697
312 704
312 756
312 766
312 826
312 978
313 329
313 368
313 401
313 459
313 474
313 508
313 518
313 548
313 556
313 589
313 647
313 681
313 879
313 944
314 340
314 347
314 442
314 478
314 514
314 560
314 648
314 759
314 782
314 862
314 899
314 984
314 986
315 369
315 382
315 403
315 418
315 427
315 471
315 502
315 624
315 687
315 778
315 833
315 864
315 876
315 950
315 976
316 349
316 369
316 391
316 596
316 629
316 667
316 775
316 811
316 822
316 888
316 925
316 928
316 988
317 323
317 351
317 355
317 406
317 427
317 429
317 442
317 458
317 519
317 574
317 603
317 613
317 666
317 669
317 713
317 766
317 768
317 769
317 776
317 863
317 885
317 917
317 940
317 977
318 331
318 358
318 370
318 397
318 430
318 488
318 490
318 587
318 656
318 666
318 678
319 362
319 396
319 454
319 457
319 596
319 693
319 772
319 954
320 333
320 337
320 381
320 462
320 476
320 484
320 533
320 548
320 556
320 572
320 642
320 700
320 718
320 774
320 798
320 839
320 845
320 894
320 928
320 973
320 974
320 986
321 373
321 460
321 472
321 505
321 514
321 521
321 817
321 825
321 880
322 455
322 528
322 529
322 591
322 605
322 667
322 671
322 782
322 820
322 841
322 842
322 869
322 876
322 983
323 327
323 357
323 432
323 452
323 503
323 553
323 572
323 602
323 609
323 716
323 830
323 902
323 967
324 347
324 477
324 488
324 535
324 550
324 571
324 627
324 695
324 736
324 753
324 813
324 816
324 891
324 961
324 984
325 335
325 347
325 350
325 431
325 473
325 549
325 570
325 642
325 648
325 747
325 782
325 794
325 806
325 813
325 815
325 938
325 967
325 980
325 982
325 998
326 370
326 405
326 503
326 543
326 557
326 562
326 582
326 597
326 636
326 761
326 788
326 792
326 805
326 864
327 380
327 384
327 414
327 456
327 469
327 498
327 520
327 607
327 652
327 676
327 753
327 846
327 897
328 406
328 427
328 439
328 456
328 465
328 489
328 553
328 592
328 767
328 780
328 807
328 822
328 918
328 985
329 441
329 464
329 565
329 607
329 738
329 746
329 747
329 763
329 807
329 882
329 894
329 929
329 930
329 947
330 406
330 498
330 534
330 555
330 576
330 609
330 631
330 633
330 745
330 785
330 789
330 838
330 845
330 911
331 389
331 391
331 394
331 499
331 660
331 692
331 694
331 718
331 725
331 747
331 782
331 798
331 843
331 851
331 907
331 973
332 351
332 418
332 427
332 466
332 526
332 567
332 578
332 669
332 740
332 842
332 902
332 907
332 982
333 335
333 359
333 401
333 414
333 549
333 588
333 642
333 750
333 759
333 806
333 811
333 815
333 829
333 870
333 931
333 948
333 953
333 960
334 346
334 353
334 398
334 554
334 615
334 643
334 644
334 658
334 671
334 785
334 800
334 821
334 835
334 841
334 913
334 978
335 339
335 370
335 443
335 489
335 519
335 565
335 567
335 628
335 644
335 720
335 745
335 777
335 800
335 847
335 856
335 870
335 898
336 341
336 383
336 411
336 417
336 423
336 459
336 468
336 595
336 599
336 660
336 734
336 747
336 836
336 866
336 970
337 341
337 351
337 394
337 433
337 509
337 566
337 613
337 630
337 763
337 764
337 791
337 815
337 844
337 845
337 894
337 899
337 907
337 935
337 950
337 977
338 352
338 363
338 401
338 419
338 519
338 571
338 630
338 669
338 712
338 797
338 811
338 816
338 885
338 905
338 912
339 388
339 438
339 442
339 570
339 588
339 623
339 732
339 884
339 943
339 974
340 406
340 475
340 486
340 515
340 774
340 794
340 829
340 849
340 877
340 898
340 948
340 973
341 379
341 392
341 447
341 464
341 522
341 581
341 706
341 730
341 735
341 815
341 880
341 946
341 974
342 380
342 439
342 444
342 472
342 477
342 511
342 577
342 606
342 663
342 747
342 796
342 810
342 817
342 875
342 898
342 937
343 398
343 423
343 429
343 467
343 469
343 488
343 515
343 522
343 524
343 539
343 611
343 626
343 667
343 677
343 678
343 696
343 750
343 829
343 842
343 860
343 981
344 394
344 593
344 693
344 738
344 745
344 796
344 844
344 853
344 885
344 898
344 931
344 937
345 373
345 407
345 509
345 525
345 612
345 633
345 791
345 794
345 862
345 920
346 350
346 417
346 422
346 431
346 491
346 661
346 764
346 792
346 827
346 865
346 911
346 932
347 420
347 475
347 492
347 554
347 566
347 580
347 604
347 610
347 645
347 670
347 736
347 755
347 824
347 859
347 872
347 875
347 877
347 974
347 980
347 998
348 403
348 497
348 516
348 553
348 558
348 683
348 692
348 750
348 758
348 761
348 813
348 995
349 468
349 484
349 490
349 612
349 646
349 662
349 693
349 715
349 745
349 777
349 793
349 819
349 848
349 856
349 927
350 469
350 590
350 615
350 679
350 792
350 900
350 916
351 375
351 411
351 475
351 485
351 565
351 649
351 657
351 680
351 808
351 983
351 985
352 353
352 440
352 502
352 567
352 577
352 605
352 662
352 754
352 756
352 778
352 801
352 821
352 913
352 988
353 421
353 464
353 521
353 590
353 731
353 760
353 817
353 820
353 833
353 907
353 916
353 937
353 942
354 434
354 460
354 495
354 565
354 582
354 633
354 676
354 677
354 730
354 765
354 785
354 817
354 841
355 389
355 499
355 575
355 579
355 640
355 652
355 661
355 668
355 710
355 733
355 750
355 785
355 831
355 834
356 361
356 365
356 415
356 449
356 538
356 544
356 553
356 570
356 608
356 668
356 779
356 871
356 925
356 970
357 367
357 382
357 440
357 446
357 538
357 581
357 582
357 767
357 844
358 363
358 429
358 434
358 449
358 533
358 535
358 555
358 567
358 688
358 731
358 800
358 910
358 959
358 972
359 520
359 524
359 545
359 573
359 617
359 785
359 796
359 806
359 916
359 970
360 484
360 505
360 669
360 709
360 733
360 827
360 833
360 989
361 393
361 403
361 424
361 613
361 620
361 647
361 700
361 710
361 819
361 879
361 928
361 964
362 363
362 392
362 538
362 575
362 592
362 609
362 703
362 752
362 841
362 919
362 977
362 982
362 986
363 364
363 477
363 499
363 651
363 709
363 721
363 723
363 732
363 841
363 952
363 986
364 401
364 433
364 470
364 594
364 644
364 668
364 691
364 697
364 707
364 723
364 724
364 749
364 828
364 902
364 939
364 947
364 956
365 394
365 452
365 456
365 487
365 533
365 559
365 630
365 631
365 735
365 788
365 977
366 402
366 420
366 470
366 479
366 516
366 578
366 589
366 609
366 615
366 715
366 860
367 376
367 539
367 575
367 577
367 647
367 653
367 782
367 992
368 387
368 396
368 453
368 550
368 571
368 587
368 665
368 679
368 721
368 752
368 765
368 819
368 833
368 897
368 946
368 962
369 487
369 491
369 608
369 628
369 672
369 708
369 713
369 731
369 754
369 800
369 819
369 826
369 868
369 880
369 923
370 418
370 421
370 480
370 493
370 548
370 564
370 605
370 680
370 872
370 917
370 931
370 996
371 391
371 413
371 470
371 572
371 638
371 677
371 725
371 783
371 805
371 871
371 876
371 926
371 935
371 983
372 447
372 459
372 491
372 511
372 528
372 550
372 556
372 571
372 618
372 625
372 734
372 742
372 900
372 917
372 956
373 423
373 497
373 518
373 541
373 574
373 587
373 652
373 670
373 679
373 681
373 744
373 828
373 856
373 881
373 989
373 997
374 394
374 445
374 481
374 525
374 700
374 719
374 747
374 771
374 920
374 932
374 986
375 397
375 419
375 472
375 515
375 519
375 583
375 608
375 629
375 658
375 679
376 456
376 462
376 513
376 523
376 542
376 546
376 559
376 630
376 631
376 633
376 664
376 666
376 679
376 684
376 720
376 760
376 773
376 788
376 832
376 993
376 996
377 410
377 417
377 464
377 510
377 523
377 630
377 633
377 723
377 738
377 769
377 857
377 869
377 888
377 892
378 450
378 474
378 483
378 543
378 618
378 653
378 727
378 735
378 736
378 755
378 775
378 787
378 849
378 893
379 420
379 426
379 453
379 473
379 529
379 569
379 579
379 592
379 616
379 638
379 697
379 699
379 753
379 895
379 951
379 971
380 471
380 530
380 684
380 699
380 760
380 773
380 776
380 816
380 995
381 387
381 430
381 444
381 658
381 710
381 726
381 974
382 393
382 501
382 586
382 613
382 634
382 727
382 751
382 828
382 872
382 882
382 888
382 890
382 895
382 914
382 931
382 960
382 974
382 987
383 516
383 532
383 661
383 718
383 745
383 884
383 989
383 999
384 494
384 543
384 563
384 661
384 682
384 709
384 712
384 714
384 717
384 767
384 839
384 855
384 975
385 443
385 550
385 619
385 659
385 693
385 718
385 733
385 754
385 757
385 799
385 894
385 955
386 402
386 445
386 515
386 654
386 656
386 682
386 700
386 723
386 818
386 886
386 904
386 945
387 406
387 455
387 480
387 522
387 564
387 593
387 624
387 733
387 743
387 869
387 874
387 933
387 980
388 389
388 424
388 546
388 608
388 680
388 685
388 702
388 888
388 945
388 992
389 428
389 470
389 487
389 517
389 540
389 618
389 619
389 678
389 727
389 804
389 806
389 820
389 855
389 864
389 881
390 471
390 504
390 512
390 654
390 788
390 905
390 931
390 974
390 993
391 562
391 655
391 664
391 760
391 767
391 904
391 938
391 939
392 393
392 429
392 430
392 457
392 466
392 487
392 633
392 662
392 663
392 679
392 706
392 711
392 830
392 832
392 881
392 922
392 955
392 958
392 967
393 431
393 437
393 468
393 546
393 638
393 725
393 777
393 823
394 415
394 426
394 430
394 482
394 568
394 674
394 766
394 938
394 949
394 973
395 571
395 592
395 650
395 658
395 734
395 828
395 865
395 884
395 960
396 483
396 578
396 714
396 725
396 788
396 972
397 486
397 546
397 577
397 678
397 685
397 900
397 918
397 988
398 590
398 611
398 647
398 744
398 761
398 787
398 801
398 813
398 826
398 853
398 885
398 955
399 404
399 497
399 586
399 702
399 719
399 763
399 787
399 790
399 890
399 913
399 938
399 961
400 407
400 619
400 652
400 703
400 748
400 750
400 753
400 913
400 926
400 999
401 416
401 453
401 480
401 481
401 506
401 563
401 608
401 687
401 868
401 898
401 970
402 432
402 447
402 521
402 529
402 617
402 625
402 630
402 677
402 788
402 913
402 962
402 974
403 404
403 414
403 563
403 712
403 737
403 823
403 836
403 842
403 917
403 977
403 994
404 408
404 410
404 411
404 446
404 474
404 515
404 540
404 751
404 755
404 788
404 864
404 913
404 918
404 931
405 436
405 481
405 485
405 494
405 536
405 543
405 562
405 622
405 634
405 637
405 642
405 683
405 731
405 736
405 751
405 773
405 800
405 809
405 822
405 889
405 893
405 904
405 927
406 421
406 439
406 458
406 491
406 560
406 657
406 693
406 720
406 866
406 871
406 881
406 917
406 989
407 492
407 498
407 567
407 594
407 682
407 707
407 728
407 836
407 928
407 952
408 467
408 470
408 585
408 618
408 655
408 667
408 750
408 845
408 969
409 535
409 645
409 731
409 853
409 876
409 952
410 429
410 447
410 475
410 526
410 537
410 570
410 587
410 667
410 808
410 817
410 826
410 829
410 861
410 935
410 945
410 988
411 413
411 422
411 433
411 637
411 644
411 656
411 735
411 747
411 782
411 802
411 930
411 974
411 978
412 431
412 484
412 532
412 589
412 668
412 760
412 780
412 790
412 820
412 887
412 911
412 935
413 434
413 457
413 566
413 574
413 653
413 674
413 681
413 703
413 704
413 786
413 799
413 857
413 971
413 974
414 453
414 456
414 476
414 503
414 519
414 575
414 643
414 648
414 657
414 785
414 826
414 828
414 853
414 874
415 433
415 466
415 527
415 588
415 709
415 781
415 798
415 895
415 906
415 920
415 926
416 514
416 570
416 571
416 589
416 649
416 731
416 754
416 828
416 883
416 885
416 887
416 957
416 969
417 480
417 513
417 537
417 553
417 638
417 802
417 894
417 975
417 976
418 434
418 539
418 650
418 765
418 829
418 851
418 955
418 982
419 424
419 429
419 433
419 439
419 447
419 541
419 571
419 612
419 642
419 669
419 673
419 701
419 732
419 770
419 810
419 839
419 852
419 902
419 941
420 472
420 519
420 619
420 693
420 698
420 705
420 741
420 839
420 858
420 859
420 869
420 885
420 925
420 936
420 961
421 448
421 562
421 567
421 580
421 701
421 731
421 741
421 766
421 778
421 799
421 814
421 827
421 915
421 939
421 949
422 433
422 453
422 584
422 600
422 612
422 791
422 813
422 814
422 976
423 439
423 466
423 515
423 526
423 547
423 550
423 632
423 636
423 725
423 754
423 769
423 841
423 854
423 906
423 912
423 932
424 482
424 493
424 530
424 689
424 707
424 722
424 761
424 823
424 860
424 864
424 875
424 947
425 438
425 442
425 460
425 471
425 516
425 542
425 600
425 623
425 678
425 679
425 765
425 775
425 923
425 929
425 998
426 512
426 591
426 633
426 641
426 668
426 692
426 736
426 774
426 883
426 978
427 446
427 469
427 545
427 601
427 613
427 720
427 735
427 775
427 797
427 923
427 987
428 660
428 783
428 788
428 883
428 901
428 951
429 474
429 483
429 559
429 573
429 671
429 716
429 877
429 891
429 912
429 999
430 517
430 546
430 561
430 645
430 666
430 673
430 724
430 744
430 791
430 812
430 857
430 885
430 892
430 923
430 933
430 951
431 439
431 448
431 654
431 733
431 747
431 829
431 848
431 908
431 921
432 441
432 451
432 525
432 613
432 639
432 642
432 667
432 725
432 800
432 814
432 829
432 837
432 847
432 853
432 859
432 952
432 972
432 983
433 509
433 527
433 563
433 581
433 656
433 737
433 775
433 850
433 895
433 975
434 546
434 618
434 647
434 755
435 450
435 489
435 582
435 591
435 596
435 695
435 715
435 763
435 979
436 487
436 514
436 603
436 609
436 619
436 666
436 781
436 950
437 458
437 541
437 646
437 651
437 666
437 832
437 866
437 942
437 952
437 965
437 990
438 457
438 474
438 525
438 623
438 693
438 714
438 745
438 806
438 811
438 885
438 914
439 450
439 555
439 628
439 633
439 645
439 654
439 666
439 672
439 683
439 971
439 976
440 502
440 503
440 584
440 608
440 615
440 723
440 731
440 762
440 787
440 828
440 850
440 859
441 481
441 504
441 535
441 578
441 602
441 613
441 659
441 671
441 880
441 937
441 974
442 583
442 591
442 644
442 703
442 804
442 875
442 974
443 464
443 570
443 616
443 620
443 635
443 665
443 674
443 676
443 707
443 741
443 762
443 770
443 772
443 817
443 850
443 854
443 900
443 938
443 943
443 981
444 447
444 476
444 585
444 591
444 592
444 652
444 741
444 841
444 878
444 881
444 915
444 934
444 961
444 980
444 988
444 996
445 507
445 509
445 512
445 555
445 558
445 566
445 600
445 628
445 671
445 784
445 822
446 494
446 700
446 732
446 743
446 751
446 799
446 809
446 821
446 839
446 862
446 944
447 466
447 473
447 477
447 509
447 524
447 546
447 573
447 624
447 626
447 675
447 710
447 812
447 847
447 893
447 916
447 918
447 936
447 953
447 969
448 460
448 462
448 464
448 495
448 512
448 543
448 544
448 573
448 593
448 613
448 624
448 678
448 695
448 753
448 805
448 832
448 941
449 459
449 464
449 529
449 586
449 663
449 702
449 759
449 905
449 996
450 486
450 487
450 496
450 530
450 542
450 560
450 633
450 709
450 710
450 749
450 751
450 810
450 859
450 884
450 939
451 452
451 478
451 650
451 669
451 685
451 688
451 764
451 781
451 851
452 471
452 476
452 496
452 506
452 594
452 601
452 626
452 635
452 660
452 679
452 716
452 721
452 751
452 831
452 836
452 851
452 852
452 854
452 857
452 872
452 892
452 908
452 919
453 479
453 503
453 525
453 542
453 546
453 583
453 600
453 604
453 869
453 885
453 945
453 948
453 990
454 465
454 502
454 553
454 605
454 694
454 710
454 794
454 808
454 811
454 886
455 484
455 574
455 647
455 832
455 931
456 474
456 507
456 521
456 542
456 546
456 633
456 708
456 714
456 801
456 832
456 862
456 989
456 992
457 484
457 519
457 589
457 722
457 769
457 775
457 784
457 794
457 795
457 807
457 855
457 901
457 922
457 960
458 493
458 530
458 534
458 577
458 605
458 618
458 765
458 782
458 789
458 794
458 821
458 828
458 865
458 907
458 936
458 957
458 980
459 512
459 523
459 570
459 577
459 717
459 746
459 747
459 810
459 814
460 528
460 635
460 667
460 749
460 754
460 787
460 809
460 845
460 870
461 715
461 738
461 744
461 799
461 851
461 928
461 970
461 974
461 983
462 469
462 574
462 601
462 630
462 638
462 734
462 902
462 911
462 931
463 484
463 527
463 584
463 600
463 633
463 665
463 734
463 768
463 780
463 801
463 886
463 922
463 937
464 520
464 600
464 723
464 737
464 805
464 860
464 878
464 924
464 961
465 488
465 527
465 577
465 587
465 702
465 726
465 760
465 798
465 857
465 859
465 872
465 928
466 639
466 679
466 680
466 703
466 777
466 778
466 813
466 833
466 874
466 883
466 889
466 914
467 477
467 485
467 503
467 535
467 607
467 713
467 733
467 885
467 899
467 914
467 927
467 929
467 969
467 990
468 469
468 479
468 501
468 556
468 612
468 691
468 765
468 816
468 834
468 883
468 926
468 951
468 966
469 470
469 489
469 655
469 730
469 771
469 954
469 976
470 507
470 542
470 568
470 573
470 589
470 625
470 645
470 657
470 659
470 704
470 847
470 858
470 862
470 865
470 882
470 890
470 952
471 543
471 559
471 666
471 888
471 897
471 911
472 481
472 520
472 539
472 573
472 575
472 681
472 685
472 721
472 759
472 815
472 835
472 872
472 921
472 922
472 968
473 552
473 589
473 641
473 662
473 668
473 877
473 900
473 963
474 633
474 652
474 696
474 710
474 740
474 863
474 908
474 929
474 946
474 989
475 605
475 669
475 891
476 515
476 573
476 583
476 600
476 989
477 500
477 540
477 606
477 647
477 671
477 699
477 801
477 802
477 812
477 820
477 855
477 882
478 552
478 568
478 615
478 654
478 701
478 706
478 743
478 755
478 763
478 765
478 919
478 980
479 516
479 609
479 631
479 650
479 716
479 787
479 791
479 817
479 855
479 875
479 891
479 905
479 939
480 577
480 686
480 715
480 726
480 729
480 839
480 876
480 879
480 890
480 903
481 523
481 563
481 603
481 605
481 636
481 930
482 681
482 691
482 745
482 756
482 804
482 814
482 855
482 925
482 978
482 998
483 684
483 698
483 725
483 849
483 996
484 630
484 686
484 690
484 747
484 751
484 774
484 807
484 879
484 913
484 922
484 925
484 973
484 996
484 998
485 512
485 549
485 615
485 731
485 760
485 779
485 853
485 871
485 930
486 515
486 559
486 613
486 629
486 668
486 670
486 672
486 686
486 703
486 728
486 825
486 905
486 922
486 966
486 971
487 549
487 622
487 636
487 646
487 676
487 792
487 958
488 571
488 608
488 638
488 816
488 832
488 849
488 862
488 955
488 959
488 995
489 557
489 584
489 784
489 993
490 510
490 516
490 726
490 879
490 938
490 950
491 525
491 562
491 588
491 599
491 709
491 764
491 804
491 848
491 863
491 874
491 883
491 975
492 516
492 596
492 651
492 713
492 742
492 821
492 869
492 942
492 970
492 986
493 532
493 662
493 818
493 940
494 525
494 577
494 582
494 731
494 745
494 780
494 840
494 862
494 972
494 994
494 999
495 561
495 596
495 600
495 627
495 658
495 709
495 810
495 857
495 890
495 898
496 511
496 528
496 629
496 656
496 690
496 697
496 738
496 824
496 836
496 876
496 888
496 972
497 499
497 531
497 537
497 566
497 579
497 700
497 713
497 797
497 936
497 952
498 559
498 571
498 594
498 605
498 720
498 750
498 770
498 805
498 840
498 866
498 868
498 966
498 983
499 568
499 647
499 659
499 697
499 714
499 721
499 730
499 967
499 984
500 508
500 515
500 585
500 587
500 679
500 690
500 691
500 752
500 776
500 867
500 887
500 927
500 967
500 991
501 533
501 588
501 610
501 620
501 623
501 650
501 690
501 734
501 805
501 832
501 948
501 955
502 510
502 609
502 617
502 622
502 627
502 683
502 734
502 950
502 960
502 974
503 519
503 562
503 567
503 584
503 632
503 696
503 818
504 536
504 571
504 750
504 919
504 934
504 959
504 979
505 717
505 741
505 790
505 895
505 983
506 543
506 718
506 731
506 813
506 892
506 903
506 988
506 991
507 545
507 617
507 686
507 706
507 776
507 784
507 850
508 549
508 602
508 617
508 629
508 648
508 676
508 802
508 854
508 873
508 901
508 963
509 551
509 699
509 731
509 754
509 829
509 860
509 875
509 909
509 962
509 970
510 512
510 518
510 525
510 528
510 643
510 681
510 709
510 732
510 741
510 820
510 833
510 870
510 897
511 568
511 634
511 858
511 891
512 567
512 753
512 811
512 824
512 845
512 858
512 923
513 552
513 566
513 574
513 582
513 593
513 601
513 722
513 751
513 776
513 867
513 930
513 941
513 945
513 996
514 532
514 582
514 704
514 735
514 765
514 773
514 782
514 783
514 810
514 829
514 837
514 935
515 588
515 622
515 656
515 688
515 788
515 893
515 909
515 925
515 944
515 980
516 535
516 553
516 567
516 680
516 681
516 708
516 715
516 784
516 837
516 854
516 927
516 938
516 950
517 532
517 609
517 694
517 710
517 782
517 826
517 958
517 977
518 564
518 574
518 630
518 649
518 857
518 872
518 948
519 523
519 592
519 644
519 653
519 656
519 688
519 718
519 766
519 834
519 855
519 927
520 550
520 554
520 689
520 713
520 742
520 787
520 821
520 823
520 843
520 859
520 904
521 666
521 738
521 777
521 800
521 801
521 855
521 876
521 918
521 942
521 982
522 527
522 543
522 583
522 649
522 698
522 711
522 720
522 722
522 792
522 861
522 882
523 584
523 596
523 619
523 663
523 664
523 738
523 757
523 786
523 822
523 856
523 862
524 615
524 646
524 710
524 718
524 828
524 911
524 921
525 541
525 563
525 629
525 651
525 702
525 764
525 808
525 820
525 823
525 840
525 902
525 924
525 947
526 581
526 636
526 679
526 806
526 911
526 973
526 978
526 991
526 996
527 562
527 789
527 841
527 912
527 948
527 984
528 632
528 668
528 670
528 675
528 720
528 759
528 808
528 912
528 924
528 945
528 968
529 542
529 551
529 626
529 644
529 670
529 683
529 718
529 763
529 900
529 916
529 947
529 984
529 986
529 988
530 560
530 639
530 651
530 704
530 740
530 755
530 771
530 823
530 825
530 870
530 896
530 900
531 599
531 675
531 702
531 705
531 717
531 718
531 742
531 814
531 828
531 857
531 924
531 989
532 544
532 545
532 582
532 701
532 712
532 745
532 771
532 773
532 816
532 821
532 826
532 897
532 916
532 943
532 972
533 586
533 600
533 705
533 709
533 712
533 736
533 761
533 838
533 849
533 916
533 940
533 944
533 949
533 985
534 569
534 574
534 852
534 882
534 917
534 921
534 937
534 947
534 975
535 634
535 660
535 712
535 822
535 843
535 928
535 934
535 936
535 938
535 939
535 962
535 976
535 988
536 540
536 550
536 559
536 596
536 603
536 630
536 640
536 672
536 732
536 734
536 753
536 783
536 839
536 848
536 879
536 886
536 922
537 540
537 811
538 766
538 843
538 860
538 901
539 602
539 620
539 624
539 625
539 630
539 635
539 733
539 896
539 925
539 941
539 944
539 973
540 625
540 681
540 747
540 755
540 781
540 900
540 928
540 999
541 579
541 600
541 659
541 750
541 952
541 989
541 998
542 629
542 726
542 740
542 759
542 893
543 572
543 618
543 628
543 695
543 735
543 747
543 812
543 934
543 944
543 964
544 564
544 585
544 644
544 662
544 681
544 691
544 724
544 760
544 776
544 800
544 825
544 838
544 850
544 897
544 997
545 557
545 747
545 795
545 851
545 913
545 925
545 930
546 581
546 659
546 689
546 701
546 824
546 840
546 846
546 872
546 945
547 548
547 594
547 705
547 734
547 749
547 775
547 826
547 922
547 937
547 956
548 561
548 593
548 683
548 746
548 797
548 803
548 848
548 888
548 900
549 576
549 598
549 622
549 738
549 743
549 778
549 785
549 810
549 815
549 822
549 838
549 899
549 986
550 551
550 553
550 557
550 640
550 706
550 757
550 776
550 778
550 793
550 836
550 876
550 886
550 909
551 587
551 619
551 623
551 718
551 736
551 787
551 795
551 980
552 601
552 662
552 786
552 869
552 972
553 761
553 880
553 959
553 978
553 981
553 987
553 993
554 594
554 650
554 657
554 811
554 814
554 842
554 906
554 907
554 926
554 937
554 968
555 594
555 629
555 658
555 714
556 618
556 626
556 682
556 752
556 943
556 948
556 987
557 568
557 587
557 621
557 708
557 728
557 779
557 821
557 832
557 855
557 912
557 926
557 945
557 966
558 654
558 708
558 750
558 824
558 832
558 844
558 876
559 577
559 778
559 780
559 851
559 891
560 565
560 568
560 668
560 776
560 843
560 945
561 569
561 633
561 757
561 925
561 954
562 571
562 591
562 628
562 695
562 715
562 755
562 764
562 794
562 809
562 861
562 864
562 920
562 999
563 658
563 788
563 817
563 828
563 830
563 921
563 934
563 963
563 967
563 992
564 613
564 626
564 725
564 738
564 754
564 759
564 782
564 812
564 840
564 872
564 873
564 907
565 652
565 657
565 669
565 683
565 739
565 959
566 643
566 651
566 698
566 715
566 731
566 799
566 820
566 906
566 956
566 966
567 615
567 640
567 657
567 727
567 852
567 937
567 942
568 579
568 602
568 618
568 675
568 695
568 698
568 715
568 765
568 792
568 800
568 829
568 875
568 903
568 950
568 961
568 993
569 632
569 659
569 678
569 699
569 721
569 729
569 804
569 856
570 586
570 753
570 887
570 890
570 977
570 987
571 759
571 895
571 960
572 654
572 707
572 724
572 725
572 731
572 734
572 753
572 770
572 804
572 809
572 834
572 842
572 856
572 882
572 927
572 928
572 939
572 944
572 949
572 982
573 576
573 704
573 728
573 738
573 754
573 802
573 878
573 942
574 625
574 632
574 657
574 719
574 825
574 948
575 643
575 698
575 729
575 798
575 843
575 856
575 891
575 951
575 963
575 998
576 678
576 747
576 851
577 617
577 660
577 839
577 862
577 915
577 926
577 991
577 995
578 596
578 687
578 692
578 731
578 753
578 944
578 958
579 623
579 682
579 694
579 818
579 898
579 908
579 942
580 659
580 804
580 838
580 897
580 929
580 959
580 960
581 723
581 842
581 966
582 607
582 665
582 685
582 703
582 727
582 744
582 761
582 762
582 815
582 846
582 901
582 958
583 739
583 779
583 781
583 782
583 793
583 803
583 888
583 893
583 898
583 941
583 955
584 590
584 603
584 608
584 619
584 690
584 743
584 834
584 843
584 844
584 861
584 899
584 921
584 941
584 965
584 966
585 596
585 602
585 675
585 849
585 889
585 958
585 972
586 649
586 840
586 917
586 942
587 590
587 624
587 644
587 714
587 717
587 734
587 853
588 635
588 646
588 653
588 943
588 980
589 617
589 707
589 734
589 764
589 776
589 894
589 969
590 605
590 612
590 613
590 622
590 702
590 853
590 925
590 952
590 965
591 727
591 774
591 834
592 658
592 677
592 707
592 710
592 784
592 877
592 909
592 915
593 608
593 695
593 754
593 832
593 843
593 891
593 906
593 957
593 960
593 968
594 643
594 693
594 718
594 730
594 860
594 866
594 881
595 695
595 697
595 782
595 851
595 998
596 663
596 703
596 723
596 743
596 747
596 798
596 821
596 865
596 882
596 962
596 967
597 717
597 849
597 948
597 991
597 999
598 755
598 757
598 759
598 827
598 858
598 925
598 998
599 651
599 655
599 671
599 699
599 780
599 808
599 818
599 957
599 966
600 763
600 801
600 906
600 993
601 621
601 657
601 693
601 793
601 804
601 913
601 934
602 671
602 673
602 760
602 789
603 630
603 643
603 676
603 828
603 877
603 955
603 992
604 607
604 640
604 650
604 680
604 828
604 847
604 959
605 620
605 645
605 736
605 855
605 924
605 956
605 986
606 654
606 683
606 741
606 775
606 820
606 833
606 868
606 919
607 715
607 813
607 829
607 835
607 853
607 873
607 971
608 667
608 729
608 747
608 866
608 982
609 633
609 674
609 712
609 730
609 774
609 779
609 816
609 831
609 957
609 981
609 993
610 679
610 690
610 707
610 745
610 859
610 868
610 955
610 960
610 985
610 988
611 682
611 686
611 780
611 853
611 868
611 986
611 989
612 627
612 693
612 704
612 710
612 753
612 818
612 827
612 845
612 854
612 858
612 996
613 720
613 734
613 736
613 758
613 768
613 838
613 846
613 857
613 866
613 886
613 975
614 707
614 774
614 874
614 884
614 937
614 979
615 681
615 703
615 739
615 757
615 760
615 776
615 913
615 925
616 634
616 646
616 663
616 664
616 671
616 692
616 738
616 827
616 880
616 956
616 962
616 996
617 628
617 670
617 740
617 754
617 810
617 822
617 873
617 931
617 932
618 714
618 756
618 761
618 790
618 799
618 820
618 840
618 852
618 896
618 913
619 624
619 641
619 663
619 716
619 742
619 751
619 768
619 838
619 890
619 898
620 662
620 671
620 687
620 688
620 755
620 868
620 872
620 904
620 933
620 957
621 632
621 765
621 813
621 881
621 933
621 986
622 634
622 659
622 686
622 724
622 773
622 809
622 836
622 914
622 928
622 974
623 644
623 712
623 748
623 765
623 773
623 877
623 942
623 951
623 957
623 987
624 685
624 698
624 702
624 704
624 847
624 970
625 665
625 689
625 698
625 708
625 914
625 979
626 644
626 723
626 724
626 749
626 863
626 904
627 652
627 669
627 691
627 712
627 746
627 784
627 809
627 890
627 918
628 634
628 719
628 834
628 920
629 641
629 669
629 699
629 712
629 864
629 881
629 940
630 665
630 685
630 723
630 820
630 912
630 945
630 960
631 657
631 665
631 763
631 828
631 866
631 981
631 991
632 645
632 670
632 693
632 700
632 720
632 809
632 816
632 857
632 878
632 898
632 906
632 941
633 636
633 758
633 773
633 941
633 953
633 980
634 639
634 647
634 722
634 785
634 790
634 810
634 852
634 953
634 986
635 692
635 761
635 770
635 848
635 875
635 909
635 967
635 974
636 710
636 797
636 893
636 920
637 657
637 697
637 706
637 732
637 808
637 836
637 863
637 930
637 954
638 716
638 749
638 763
638 765
638 784
638 839
638 870
638 896
638 994
639 662
639 663
639 704
639 798
639 831
639 858
639 882
639 905
639 908
640 641
640 667
640 687
640 694
640 701
640 737
640 919
641 863
641 888
641 963
641 997
642 651
642 679
642 680
642 695
642 793
642 919
643 680
643 834
643 841
643 961
644 685
644 693
644 702
644 744
644 838
644 910
644 915
644 981
645 720
645 729
645 776
645 876
645 913
646 690
646 784
646 879
646 947
647 697
647 737
647 757
647 897
647 916
647 972
648 667
648 675
648 865
648 967
649 715
649 766
649 780
649 797
649 828
649 956
650 653
650 756
650 901
650 950
650 978
651 788
651 793
651 816
651 834
651 964
652 730
652 849
652 906
652 930
653 710
653 715
653 898
654 685
654 705
654 731
654 737
654 761
654 779
654 827
654 912
654 921
654 946
654 953
655 787
655 801
655 850
655 860
655 881
655 911
656 972
657 697
657 856
658 754
658 838
658 861
658 947
659 670
659 694
659 759
659 837
659 998
660 726
660 754
660 834
660 956
660 964
661 674
661 697
661 742
661 768
661 861
661 926
661 947
661 976
662 686
662 762
662 833
662 858
662 884
662 966
663 671
663 739
663 869
663 898
664 822
664 871
664 912
664 924
664 950
664 986
664 999
665 717
665 728
665 741
665 794
665 839
665 858
665 962
665 973
666 728
666 746
666 785
666 830
666 844
667 689
667 726
667 728
667 781
667 799
667 807
667 882
667 887
667 966
667 992
668 686
668 743
668 769
668 792
668 819
668 848
668 855
668 895
668 983
669 723
669 819
669 934
669 966
670 683
670 699
670 714
670 794
670 815
670 867
670 887
670 977
671 745
671 756
671 800
671 805
671 857
671 868
671 896
671 921
671 969
671 979
671 982
672 688
672 700
672 727
672 856
672 865
672 879
672 984
672 985
673 685
673 737
673 753
673 792
673 793
673 836
673 889
673 894
673 928
673 950
673 992
674 687
674 704
674 712
674 776
674 817
674 852
674 927
674 974
675 702
675 715
675 724
675 743
675 763
675 812
675 815
675 866
675 880
676 702
676 721
676 833
677 770
677 901
677 933
677 968
677 981
677 993
678 768
678 827
678 830
678 837
678 929
678 966
679 732
679 740
679 759
679 778
679 804
679 815
679 927
679 929
679 937
679 960
680 796
680 884
680 934
680 979
681 737
681 785
681 866
681 947
681 993
682 776
682 837
682 909
682 987
682 988
683 762
683 773
683 810
683 912
683 997
684 857
684 866
684 900
684 997
684 998
685 810
685 881
685 918
686 687
686 713
686 772
686 813
686 854
686 985
687 740
687 767
687 825
687 957
687 959
687 968
688 703
688 751
688 772
688 818
688 820
688 863
688 884
688 920
689 862
689 890
689 892
689 937
689 949
690 804
690 820
690 870
690 884
690 962
690 994
691 780
691 788
691 823
691 845
691 870
691 917
691 945
692 848
692 863
692 905
692 919
693 711
693 742
693 758
693 766
693 767
693 771
693 774
693 785
693 792
693 835
693 837
693 884
693 887
693 905
693 911
693 972
693 984
694 712
694 717
694 920
694 979
694 998
695 744
695 767
695 770
695 789
695 850
695 879
695 905
695 961
696 775
696 828
696 829
696 832
696 899
696 947
696 980
697 813
697 816
697 891
697 899
698 903
698 987
699 769
699 788
699 794
699 883
699 930
699 989
700 733
700 748
700 824
700 985
701 726
701 772
701 793
701 827
701 944
701 946
701 981
702 733
702 741
702 743
702 770
702 776
702 782
702 911
702 919
702 946
703 708
703 710
703 717
703 765
703 879
703 898
704 869
704 896
704 949
704 953
705 725
705 779
705 780
705 828
705 959
705 984
705 994
706 772
706 803
706 810
706 811
706 857
707 727
707 764
707 810
707 816
707 899
707 914
708 713
708 718
708 740
708 759
708 819
708 865
708 897
708 901
708 925
708 959
708 990
709 731
709 934
709 987
710 735
710 846
710 851
710 916
710 928
710 930
710 957
711 816
711 819
711 946
712 719
712 751
712 834
712 842
712 944
712 951
712 975
713 715
713 732
713 800
713 847
713 862
713 894
713 903
713 942
713 978
714 718
714 784
714 819
714 822
714 862
715 734
715 876
715 887
715 923
715 981
716 765
716 776
716 790
716 860
716 925
716 953
716 982
717 742
717 768
717 808
717 831
718 782
718 806
718 844
718 879
718 885
718 896
718 975
718 994
719 752
719 902
719 955
719 993
720 740
720 796
720 811
720 812
720 918
720 956
720 980
721 729
721 732
721 738
721 748
721 801
722 821
722 851
722 858
722 870
722 928
723 799
723 907
723 989
724 752
724 877
724 916
724 938
725 740
725 746
725 928
725 948
726 775
726 779
726 784
726 792
726 902
726 975
727 763
727 813
727 834
727 936
727 959
728 768
728 842
728 848
728 911
729 732
729 740
729 767
729 798
729 919
730 736
730 763
730 886
730 912
730 919
730 966
731 740
731 742
731 763
731 765
731 775
731 926
731 948
731 991
732 756
732 792
732 926
732 939
732 944
732 989
733 752
733 778
733 796
733 823
733 906
733 926
733 974
734 777
734 810
734 816
734 817
734 823
734 901
735 746
735 754
735 831
735 863
735 889
735 920
735 972
735 978
736 765
736 776
736 806
736 841
736 906
736 942
736 955
737 777
737 817
737 824
737 906
737 930
737 962
737 970
737 980
738 774
738 867
738 913
738 963
739 774
739 778
739 792
739 839
739 861
739 894
740 752
740 858
740 983
741 844
741 896
741 971
742 754
742 763
742 796
742 864
742 895
742 897
742 986
742 987
743 777
743 828
743 840
743 989
744 764
744 895
744 939
744 974
744 987
745 849
746 769
746 843
746 868
747 756
747 764
747 896
747 921
747 961
748 840
748 896
748 986
749 797
749 993
750 773
750 801
750 805
750 825
750 871
750 999
751 841
751 848
751 853
751 869
751 926
751 973
752 763
752 791
753 855
754 802
754 926
755 793
755 815
755 821
755 873
755 887
755 954
755 979
756 762
756 789
756 868
756 890
756 892
756 966
756 979
758 822
758 872
758 887
758 893
758 943
759 790
759 857
760 768
760 774
760 851
760 880
760 885
760 903
760 906
760 916
760 918
760 974
761 850
761 916
761 956
761 976
762 770
762 829
762 860
762 869
762 888
763 784
763 832
763 893
763 980
764 815
764 817
764 931
764 952
764 998
765 786
765 856
765 883
765 927
765 993
766 779
766 790
766 855
766 865
766 866
766 871
766 881
766 959
766 973
766 985
767 791
767 865
767 949
768 886
768 914
768 952
769 995
770 897
770 956
771 799
771 823
771 830
771 901
771 958
771 959
771 963
772 780
772 829
772 830
772 854
772 915
772 916
772 930
773 785
773 810
773 854
773 965
773 976
774 824
774 851
774 855
774 869
774 900
774 925
774 927
775 793
775 836
775 909
775 936
775 938
776 861
776 944
777 922
777 988
778 800
778 826
778 854
778 931
778 962
779 810
779 920
780 786
780 793
780 828
780 865
780 873
780 962
781 816
781 859
782 844
782 913
782 966
782 997
783 952
784 797
784 816
784 885
784 898
784 907
784 946
785 812
785 828
785 844
785 912
786 819
786 879
786 882
786 887
786 896
786 939
786 963
786 969
786 971
786 992
787 788
787 839
787 855
787 860
787 883
787 931
788 872
788 881
788 917
788 972
788 987
789 800
789 826
789 846
789 922
789 941
789 983
790 791
790 805
790 823
790 877
790 894
790 923
791 818
791 894
792 884
792 924
792 926
792 969
793 876
793 893
794 798
794 845
794 868
794 939
794 940
794 978
794 997
795 857
795 976
795 994
796 826
796 827
796 922
797 814
797 835
797 843
797 853
797 947
798 825
798 922
798 955
798 979
799 854
799 864
799 929
799 938
799 941
799 984
800 902
800 920
800 960
800 974
800 977
800 982
802 841
802 853
802 854
802 891
802 895
802 971
803 859
803 864
803 885
803 984
804 855
804 863
804 880
804 950
805 887
805 935
805 975
805 990
806 877
806 895
806 948
806 958
807 904
807 942
807 976
808 845
808 854
808 872
808 898
808 928
808 937
809 958
810 819
810 864
810 888
811 832
811 845
811 938
812 842
812 917
813 835
813 925
813 950
814 917
814 945
815 827
815 887
815 933
815 965
816 932
816 987
816 994
817 902
817 975
818 820
818 837
818 903
818 974
819 823
819 906
820 903
820 973
821 849
821 857
821 952
822 948
823 845
823 937
824 879
824 904
824 906
824 927
825 882
826 840
826 875
826 879
826 911
826 986
827 862
827 873
827 897
827 934
827 997
828 860
828 893
829 841
829 851
829 859
829 896
830 831
830 847
830 855
830 885
830 923
831 897
831 923
831 963
831 989
832 844
832 864
832 886
832 948
833 837
833 869
833 884
833 957
833 987
834 844
835 839
835 860
835 906
835 912
835 974
835 983
836 845
836 858
836 892
837 852
837 892
837 896
837 899
837 991
838 840
838 883
838 974
839 866
839 929
840 878
840 990
840 996
841 894
842 986
842 996
843 861
843 883
843 910
844 863
844 903
844 909
844 920
844 981
844 990
845 854
845 921
845 944
846 856
846 920
846 937
846 957
847 883
847 944
847 960
848 954
848 969
848 983
849 879
849 890
849 905
849 956
849 970
850 875
851 994
851 998
852 957
852 962
852 989
853 856
853 862
853 981
854 878
854 880
854 906
854 907
854 909
854 959
855 887
855 938
855 958
856 955
856 994
857 917
857 938
857 972
857 987
859 995
860 901
860 935
860 978
861 864
861 900
862 874
862 878
862 891
862 933
862 950
862 983
863 875
863 893
863 930
863 948
863 964
863 972
864 924
864 949
865 889
865 926
865 951
866 882
866 908
866 922
866 939
866 947
866 960
866 984
867 917
868 875
868 890
868 964
868 997
869 924
869 990
869 993
870 892
870 895
870 940
871 931
871 991
872 878
872 898
872 899
873 908
873 919
874 877
874 881
874 987
874 995
875 906
875 941
876 882
876 960
877 880
877 895
877 932
877 951
877 981
878 921
878 925
879 917
879 921
879 954
879 969
880 998
881 935
882 891
883 948
883 977
884 898
884 943
885 961
885 988
886 933
886 935
887 895
887 938
887 989
888 950
888 957
888 971
888 979
888 999
889 910
889 994
890 947
890 990
890 998
892 955
893 970
893 994
894 975
894 977
895 926
896 962
897 909
898 981
899 924
899 955
899 975
899 976
899 985
900 993
901 913
901 915
901 986
902 905
903 911
903 990
904 966
904 989
905 914
905 935
905 944
905 983
905 999
906 950
907 962
908 953
908 974
909 938
909 940
909 990
909 999
910 934
912 961
912 967
912 984
913 920
913 951
913 954
913 958
913 989
914 978
914 997
915 932
915 980
916 928
916 933
916 991
917 968
917 999
918 961
919 935
919 937
919 947
921 928
922 946
922 950
922 973
923 965
923 978
923 991
924 938
927 937
928 970
929 985
930 952
931 980
931 990
932 949
932 956
933 938
933 951
933 954
933 957
933 970
934 962
934 990
936 949
937 939
939 985
940 976
942 998
944 952
944 961
944 985
944 992
945 956
947 964
948 953
948 972
952 954
952 998
953 971
953 982
956 968
956 994
958 992
959 982
963 984
964 976
968 988
969 987
969 994
971 989
972 978
974 982
975 997
976 995
979 991
981 989
986 997
988 990
994 998
