# Erdos-Renyi general graph G(n, p)
# nodes=500 edge_probability=0.06 seed=42 edges=7422
# first data line: '<node count> <edge count>', then one '<source> <target>' pair per line
500 7422
0 2
0 10
0 13
0 20
0 42
0 68
0 90
0 101
0 125
0 127
0 132
0 198
0 208
0 225
0 270
0 291
0 298
0 325
0 343
0 369
0 395
0 416
0 428
0 436
0 482
0 494
1 4
1 7
1 11
1 21
1 31
1 46
1 92
1 101
1 140
1 154
1 161
1 187
1 219
1 231
1 320
1 329
1 354
1 367
1 385
1 411
1 459
1 469
1 498
2 19
2 32
2 39
2 40
2 45
2 55
2 131
2 139
2 145
2 155
2 171
2 174
2 180
2 190
2 191
2 199
2 246
2 250
2 328
2 379
2 380
2 385
2 397
2 407
2 414
2 435
2 443
2 456
2 458
2 495
3 15
3 66
3 92
3 118
3 119
3 135
3 167
3 173
3 205
3 231
3 245
3 248
3 312
3 317
3 346
3 384
3 434
3 442
3 449
3 471
3 472
3 488
3 491
3 494
4 5
4 65
4 117
4 118
4 127
4 135
4 137
4 141
4 167
4 168
4 177
4 182
4 187
4 208
4 216
4 236
4 245
4 338
4 345
4 357
4 390
4 439
4 441
4 452
4 468
4 493
5 37
5 57
5 64
5 84
5 89
5 108
5 139
5 158
5 161
5 186
5 208
5 226
5 256
5 269
5 276
5 284
5 328
5 338
5 346
5 357
5 365
5 371
5 378
5 406
5 417
5 430
5 445
5 453
5 488
6 18
6 47
6 61
6 71
6 157
6 162
6 169
6 198
6 211
6 232
6 235
6 239
6 284
6 326
6 341
6 354
6 357
6 393
6 397
6 401
6 429
6 434
6 451
6 458
6 479
6 489
6 497
7 27
7 37
7 53
7 63
7 80
7 105
7 160
7 172
7 191
7 222
7 248
7 267
7 275
7 293
7 302
7 337
7 380
7 403
7 405
7 442
7 448
7 489
7 490
7 494
7 496
8 11
8 42
8 55
8 78
8 116
8 124
8 139
8 144
8 146
8 187
8 197
8 228
8 241
8 253
8 305
8 344
8 355
8 369
8 395
8 400
8 404
8 408
8 436
8 437
8 456
8 470
8 480
8 496
8 497
9 19
9 52
9 56
9 102
9 156
9 164
9 187
9 197
9 201
9 206
9 218
9 242
9 249
9 256
9 261
9 265
9 275
9 278
9 283
9 285
9 291
9 305
9 322
9 391
9 393
9 408
9 421
9 429
9 437
9 492
10 16
10 19
10 25
10 75
10 76
10 86
10 93
10 98
10 126
10 137
10 150
10 168
10 174
10 189
10 207
10 242
10 294
10 311
10 318
10 342
10 390
10 401
10 409
10 421
10 461
10 467
10 490
10 497
11 78
11 97
11 119
11 120
11 122
11 132
11 137
11 141
11 173
11 178
11 180
11 195
11 202
11 221
11 228
11 263
11 293
11 295
11 298
11 306
11 318
11 331
11 341
11 425
11 438
11 444
11 457
11 481
11 487
12 51
12 57
12 58
12 85
12 112
12 143
12 157
12 161
12 185
12 213
12 269
12 290
12 297
12 321
12 322
12 326
12 341
12 370
12 395
12 435
12 445
12 494
13 40
13 58
13 59
13 134
13 144
13 153
13 171
13 191
13 194
13 200
13 225
13 239
13 249
13 252
13 287
13 306
13 308
13 340
13 357
13 359
13 372
13 383
13 384
13 412
13 445
13 446
13 452
13 461
13 479
14 32
14 34
14 46
14 58
14 74
14 86
14 94
14 98
14 162
14 171
14 216
14 224
14 233
14 235
14 252
14 253
14 294
14 299
14 309
14 332
14 335
14 347
14 358
14 363
14 408
14 422
14 426
14 445
14 456
14 475
15 27
15 30
15 52
15 54
15 68
15 74
15 75
15 83
15 86
15 111
15 117
15 143
15 179
15 193
15 226
15 236
15 258
15 268
15 291
15 348
15 362
15 373
15 384
15 385
15 461
15 466
15 479
15 493
16 44
16 62
16 74
16 91
16 104
16 135
16 150
16 170
16 175
16 190
16 213
16 215
16 293
16 336
16 372
16 385
16 392
16 413
16 430
16 454
16 461
17 28
17 41
17 69
17 75
17 101
17 158
17 166
17 195
17 217
17 250
17 256
17 271
17 272
17 273
17 284
17 313
17 329
17 333
17 362
17 364
17 374
17 385
17 422
17 438
17 442
17 447
17 461
17 472
18 28
18 67
18 69
18 73
18 85
18 90
18 98
18 117
18 120
18 155
18 164
18 170
18 173
18 247
18 267
18 293
18 298
18 305
18 335
18 355
18 372
18 374
18 412
18 427
18 439
18 477
19 33
19 43
19 47
19 57
19 58
19 102
19 110
19 121
19 161
19 181
19 182
19 183
19 234
19 267
19 277
19 293
19 294
19 324
19 354
19 365
19 393
19 413
19 414
19 417
19 421
19 471
19 487
19 491
19 492
20 25
20 36
20 40
20 48
20 78
20 81
20 86
20 125
20 212
20 218
20 235
20 244
20 245
20 252
20 253
20 261
20 273
20 282
20 288
20 313
20 333
20 343
20 347
20 351
20 365
20 381
20 407
20 421
20 423
20 427
20 459
20 462
20 472
20 487
21 53
21 60
21 78
21 137
21 142
21 144
21 182
21 184
21 199
21 266
21 288
21 289
21 311
21 322
21 336
21 371
21 393
21 425
21 480
22 31
22 43
22 46
22 53
22 56
22 71
22 72
22 80
22 88
22 113
22 140
22 159
22 177
22 186
22 190
22 199
22 220
22 238
22 294
22 306
22 339
22 353
22 358
22 387
22 415
22 423
22 434
22 444
22 456
22 462
23 78
23 79
23 92
23 148
23 170
23 199
23 209
23 244
23 316
23 337
23 367
23 385
23 390
23 394
23 396
23 429
23 431
23 433
23 451
23 499
24 75
24 78
24 83
24 131
24 134
24 138
24 189
24 222
24 229
24 253
24 339
24 341
24 354
24 417
24 428
24 430
24 473
24 481
25 34
25 74
25 77
25 82
25 84
25 104
25 105
25 157
25 167
25 176
25 180
25 197
25 202
25 211
25 273
25 302
25 346
25 386
25 417
25 419
25 456
25 484
25 495
26 27
26 37
26 41
26 71
26 72
26 90
26 93
26 107
26 142
26 162
26 175
26 181
26 191
26 203
26 213
26 252
26 269
26 294
26 297
26 328
26 333
26 362
26 365
26 374
26 380
26 384
26 405
26 411
26 423
26 447
26 448
26 449
26 450
26 452
26 465
26 485
26 492
26 496
27 39
27 120
27 133
27 134
27 152
27 154
27 156
27 167
27 168
27 181
27 187
27 199
27 213
27 218
27 235
27 269
27 270
27 275
27 303
27 307
27 325
27 405
27 415
27 425
27 436
28 37
28 68
28 81
28 105
28 109
28 111
28 113
28 128
28 158
28 168
28 177
28 182
28 202
28 205
28 211
28 217
28 234
28 245
28 283
28 311
28 330
28 338
28 347
28 350
28 373
28 411
28 415
28 432
28 451
28 473
28 489
28 495
29 42
29 58
29 77
29 133
29 135
29 155
29 162
29 176
29 207
29 212
29 231
29 239
29 246
29 272
29 284
29 362
29 368
29 438
29 451
29 459
29 472
30 45
30 54
30 59
30 70
30 87
30 88
30 89
30 91
30 93
30 128
30 130
30 132
30 134
30 154
30 157
30 164
30 172
30 179
30 223
30 232
30 255
30 257
30 303
30 307
30 324
30 330
30 370
30 375
30 376
30 385
30 429
30 484
30 486
31 40
31 43
31 51
31 90
31 106
31 109
31 115
31 127
31 152
31 195
31 198
31 202
31 241
31 245
31 262
31 273
31 289
31 297
31 300
31 302
31 335
31 360
31 374
31 428
31 434
31 450
31 455
31 474
31 483
32 40
32 73
32 87
32 89
32 112
32 131
32 135
32 142
32 233
32 296
32 303
32 311
32 319
32 329
32 348
32 368
32 391
32 403
32 407
32 422
32 466
32 467
32 483
32 489
32 495
33 38
33 47
33 49
33 68
33 77
33 82
33 93
33 98
33 123
33 138
33 145
33 152
33 155
33 198
33 202
33 229
33 230
33 238
33 265
33 269
33 318
33 324
33 333
33 336
33 389
33 413
33 415
33 432
33 435
33 450
33 461
33 466
33 494
33 497
34 45
34 56
34 66
34 82
34 113
34 127
34 130
34 141
34 169
34 200
34 227
34 233
34 236
34 249
34 263
34 275
34 278
34 289
34 296
34 315
34 339
34 346
34 359
34 362
34 416
34 435
34 452
34 473
34 476
34 480
35 53
35 74
35 93
35 98
35 125
35 130
35 133
35 142
35 150
35 167
35 180
35 184
35 190
35 193
35 219
35 228
35 232
35 247
35 275
35 276
35 281
35 311
35 324
35 326
35 363
35 364
35 382
35 388
35 411
35 414
35 415
35 417
35 429
35 434
35 450
36 45
36 94
36 182
36 189
36 215
36 221
36 237
36 248
36 249
36 259
36 300
36 314
36 316
36 400
36 405
36 415
36 429
36 440
36 445
36 473
36 499
37 50
37 67
37 69
37 74
37 139
37 154
37 161
37 174
37 228
37 238
37 259
37 295
37 303
37 306
37 314
37 318
37 326
37 333
37 352
37 383
37 386
37 392
37 420
37 433
37 440
37 447
38 44
38 56
38 79
38 84
38 89
38 144
38 147
38 150
38 151
38 158
38 227
38 236
38 281
38 286
38 349
38 354
38 371
38 381
38 397
38 402
38 414
38 423
38 442
38 456
38 465
39 41
39 43
39 82
39 91
39 173
39 189
39 221
39 250
39 255
39 265
39 266
39 272
39 317
39 328
39 337
39 351
39 356
39 373
39 381
39 401
39 412
39 444
39 454
39 457
39 468
39 498
40 52
40 63
40 66
40 72
40 77
40 83
40 89
40 102
40 105
40 115
40 142
40 150
40 178
40 185
40 190
40 208
40 216
40 223
40 225
40 229
40 237
40 245
40 274
40 301
40 306
40 316
40 317
40 349
40 364
40 368
40 371
40 373
40 378
40 412
40 415
40 462
41 44
41 61
41 79
41 95
41 120
41 129
41 136
41 142
41 150
41 171
41 180
41 191
41 199
41 218
41 238
41 311
41 327
41 336
41 347
41 350
41 372
41 384
41 396
41 410
41 420
41 442
41 450
41 492
42 60
42 78
42 83
42 88
42 89
42 90
42 103
42 106
42 112
42 115
42 143
42 155
42 203
42 262
42 282
42 339
42 354
42 355
42 360
42 366
42 373
42 387
42 408
42 414
42 453
42 461
42 473
43 57
43 58
43 63
43 74
43 85
43 107
43 123
43 129
43 137
43 146
43 173
43 185
43 190
43 196
43 216
43 236
43 240
43 244
43 265
43 285
43 286
43 288
43 307
43 317
43 332
43 339
43 368
43 383
43 390
43 422
43 435
43 438
43 475
43 494
44 60
44 72
44 93
44 101
44 132
44 136
44 150
44 153
44 154
44 157
44 162
44 169
44 175
44 183
44 199
44 206
44 209
44 215
44 234
44 249
44 256
44 296
44 299
44 300
44 306
44 313
44 331
44 353
44 373
44 386
44 391
44 394
44 421
44 445
44 447
44 456
44 473
44 493
45 57
45 74
45 92
45 96
45 98
45 100
45 102
45 113
45 189
45 218
45 223
45 236
45 246
45 253
45 276
45 277
45 303
45 312
45 322
45 325
45 331
45 348
45 350
45 363
45 367
45 375
45 384
45 387
45 404
45 454
45 469
45 494
46 48
46 93
46 110
46 112
46 146
46 154
46 161
46 170
46 175
46 215
46 234
46 270
46 276
46 286
46 305
46 319
46 336
46 368
46 390
46 412
46 413
46 423
46 437
46 441
46 448
46 451
46 461
46 462
46 464
46 471
46 478
46 480
46 485
46 494
47 48
47 54
47 80
47 168
47 189
47 190
47 197
47 234
47 254
47 259
47 278
47 291
47 297
47 309
47 323
47 347
47 351
47 392
47 423
47 453
47 459
47 464
47 494
47 496
48 55
48 66
48 80
48 100
48 105
48 111
48 126
48 148
48 150
48 168
48 182
48 189
48 190
48 225
48 226
48 251
48 255
48 263
48 267
48 275
48 326
48 341
48 348
48 370
48 371
48 403
48 440
48 443
48 452
48 461
48 482
49 56
49 64
49 72
49 93
49 110
49 115
49 123
49 126
49 142
49 163
49 174
49 228
49 238
49 327
49 346
49 347
49 351
49 364
49 365
49 413
49 418
49 420
49 445
49 447
49 448
49 449
49 455
49 459
49 495
50 52
50 74
50 104
50 117
50 160
50 163
50 174
50 176
50 186
50 202
50 205
50 232
50 272
50 293
50 295
50 300
50 318
50 320
50 325
50 328
50 330
50 365
50 389
50 411
50 417
50 419
50 432
50 456
50 475
50 487
51 63
51 77
51 81
51 91
51 93
51 104
51 130
51 143
51 162
51 168
51 169
51 222
51 262
51 274
51 292
51 297
51 307
51 313
51 326
51 373
51 396
51 400
51 444
51 458
51 465
51 474
51 498
52 85
52 119
52 126
52 153
52 171
52 182
52 209
52 213
52 231
52 239
52 260
52 274
52 286
52 299
52 301
52 321
52 325
52 327
52 336
52 346
52 385
52 407
52 413
52 415
52 427
52 431
52 456
52 459
53 56
53 62
53 68
53 81
53 102
53 125
53 144
53 206
53 207
53 209
53 237
53 250
53 280
53 293
53 309
53 318
53 321
53 335
53 367
53 382
53 409
54 60
54 68
54 88
54 92
54 93
54 110
54 122
54 139
54 265
54 314
54 323
54 330
54 479
54 485
54 497
55 71
55 75
55 91
55 120
55 132
55 141
55 164
55 167
55 178
55 196
55 244
55 256
55 305
55 341
55 369
55 384
55 405
55 447
55 449
55 454
55 458
55 484
55 491
56 72
56 82
56 91
56 111
56 176
56 190
56 193
56 240
56 248
56 267
56 302
56 308
56 325
56 329
56 339
56 354
56 399
56 402
56 433
56 459
56 463
56 473
56 477
56 479
57 65
57 73
57 107
57 108
57 111
57 131
57 132
57 159
57 174
57 181
57 184
57 218
57 223
57 233
57 275
57 277
57 279
57 289
57 312
57 325
57 332
57 337
57 338
57 361
57 380
57 390
57 476
57 493
58 68
58 69
58 72
58 73
58 93
58 102
58 131
58 142
58 155
58 198
58 230
58 235
58 279
58 305
58 325
58 328
58 337
58 342
58 345
58 359
58 381
58 394
58 399
58 416
58 446
58 450
58 457
59 65
59 76
59 104
59 129
59 130
59 172
59 206
59 214
59 238
59 246
59 252
59 254
59 291
59 315
59 333
59 336
59 339
59 344
59 348
59 373
59 374
59 382
59 397
59 402
59 414
59 437
59 457
59 462
59 466
59 495
59 499
60 70
60 72
60 83
60 88
60 90
60 95
60 96
60 160
60 167
60 181
60 197
60 222
60 232
60 252
60 309
60 334
60 368
60 392
60 408
60 438
60 440
60 468
61 62
61 79
61 97
61 110
61 113
61 119
61 129
61 133
61 142
61 231
61 253
61 278
61 288
61 291
61 303
61 323
61 337
61 343
61 383
61 396
61 400
61 401
61 405
61 410
61 457
61 472
62 67
62 96
62 121
62 125
62 128
62 141
62 149
62 175
62 176
62 203
62 205
62 266
62 302
62 313
62 322
62 345
62 346
62 358
62 376
62 414
62 464
62 470
62 476
62 478
63 71
63 102
63 112
63 124
63 145
63 173
63 175
63 178
63 203
63 204
63 229
63 253
63 259
63 276
63 283
63 308
63 313
63 341
63 351
63 355
63 364
63 372
63 396
63 397
63 422
63 426
63 427
63 459
64 67
64 76
64 80
64 93
64 100
64 118
64 134
64 176
64 190
64 200
64 202
64 220
64 233
64 299
64 300
64 313
64 322
64 336
64 404
64 427
64 428
64 434
64 460
64 471
64 492
64 498
65 117
65 122
65 147
65 166
65 172
65 189
65 200
65 255
65 262
65 271
65 276
65 291
65 294
65 300
65 307
65 325
65 340
65 344
65 369
65 375
65 377
65 408
65 414
65 419
65 421
65 422
65 431
65 469
65 472
65 475
65 480
65 498
66 84
66 89
66 98
66 142
66 143
66 205
66 234
66 252
66 278
66 284
66 310
66 319
66 321
66 331
66 353
66 365
66 400
66 444
66 460
66 490
66 497
67 72
67 87
67 91
67 92
67 98
67 113
67 130
67 168
67 172
67 175
67 184
67 211
67 217
67 228
67 251
67 262
67 285
67 294
67 308
67 312
67 328
67 331
67 352
67 364
67 391
67 417
67 449
68 133
68 143
68 169
68 192
68 207
68 208
68 213
68 229
68 272
68 287
68 336
68 347
68 358
68 372
68 378
68 383
68 429
68 432
68 456
68 458
68 490
69 83
69 96
69 133
69 137
69 144
69 148
69 159
69 161
69 175
69 185
69 241
69 261
69 275
69 284
69 289
69 307
69 330
69 345
69 358
69 363
69 370
69 374
69 388
69 422
69 432
69 449
69 450
70 89
70 111
70 114
70 115
70 137
70 139
70 155
70 212
70 222
70 234
70 235
70 273
70 294
70 300
70 303
70 317
70 329
70 330
70 332
70 346
70 358
70 360
70 363
70 365
70 369
70 374
70 410
70 472
70 487
71 76
71 88
71 91
71 97
71 99
71 118
71 120
71 121
71 128
71 129
71 185
71 191
71 270
71 274
71 286
71 332
71 360
71 362
71 368
71 393
71 423
71 425
71 431
71 436
71 438
71 441
71 478
71 481
72 77
72 102
72 128
72 135
72 140
72 159
72 195
72 208
72 222
72 229
72 235
72 252
72 258
72 267
72 278
72 311
72 383
72 388
72 400
72 412
72 421
72 422
72 457
72 472
72 486
72 498
73 84
73 92
73 109
73 135
73 157
73 162
73 188
73 211
73 225
73 258
73 290
73 297
73 314
73 367
73 399
73 408
73 422
73 435
73 456
73 465
74 89
74 104
74 110
74 123
74 185
74 191
74 235
74 262
74 265
74 281
74 297
74 311
74 312
74 314
74 317
74 346
74 382
74 411
74 414
74 424
74 467
75 89
75 105
75 115
75 142
75 159
75 162
75 198
75 206
75 223
75 313
75 318
75 323
75 328
75 345
75 353
75 365
75 372
75 386
75 398
75 399
75 401
75 402
75 409
75 410
75 429
75 473
75 484
75 493
76 80
76 95
76 108
76 114
76 119
76 157
76 179
76 241
76 284
76 295
76 339
76 349
76 362
76 387
76 390
76 398
76 400
76 413
76 433
76 443
76 446
76 487
76 489
77 89
77 103
77 105
77 113
77 115
77 123
77 129
77 130
77 140
77 156
77 181
77 294
77 350
77 355
77 416
77 426
77 452
77 484
77 489
78 86
78 107
78 122
78 123
78 127
78 131
78 151
78 175
78 200
78 226
78 227
78 236
78 238
78 241
78 256
78 264
78 310
78 321
78 350
78 395
78 401
78 405
78 409
78 422
78 440
79 134
79 156
79 159
79 160
79 174
79 180
79 182
79 227
79 229
79 266
79 280
79 312
79 319
79 325
79 328
79 334
79 376
79 416
79 419
79 450
79 455
79 463
79 468
79 469
80 98
80 100
80 103
80 114
80 174
80 178
80 199
80 240
80 262
80 272
80 309
80 312
80 315
80 324
80 340
80 347
80 379
80 380
80 387
80 401
80 410
80 424
80 425
80 433
80 460
80 482
80 496
81 83
81 123
81 124
81 135
81 167
81 171
81 182
81 208
81 216
81 275
81 290
81 292
81 302
81 330
81 337
81 390
81 399
81 403
81 404
81 409
81 410
81 435
81 451
81 472
81 477
82 101
82 117
82 120
82 156
82 205
82 215
82 222
82 225
82 235
82 242
82 251
82 285
82 307
82 308
82 324
82 334
82 338
82 355
82 366
82 370
82 384
82 436
82 462
82 464
83 96
83 97
83 101
83 122
83 174
83 177
83 189
83 195
83 214
83 239
83 243
83 256
83 286
83 336
83 345
83 347
83 354
83 355
83 356
83 358
83 370
83 392
83 396
83 399
83 423
83 481
84 93
84 108
84 123
84 135
84 169
84 213
84 238
84 246
84 248
84 254
84 319
84 365
84 366
84 380
84 381
84 382
84 401
84 406
84 415
84 416
84 428
84 439
84 475
85 118
85 120
85 126
85 132
85 144
85 159
85 167
85 172
85 189
85 199
85 240
85 259
85 261
85 264
85 323
85 324
85 325
85 357
85 363
85 366
85 371
85 373
85 396
85 402
85 420
85 424
85 429
85 455
85 458
85 489
86 93
86 108
86 109
86 117
86 120
86 139
86 166
86 175
86 182
86 194
86 198
86 206
86 219
86 234
86 281
86 283
86 310
86 317
86 358
86 360
86 373
86 383
86 405
86 414
86 450
87 106
87 111
87 153
87 168
87 189
87 190
87 246
87 293
87 294
87 304
87 355
87 369
87 395
87 398
87 421
87 425
87 442
87 447
87 458
87 468
87 480
87 483
87 491
88 159
88 162
88 166
88 184
88 205
88 209
88 215
88 224
88 225
88 249
88 250
88 261
88 276
88 294
88 315
88 318
88 324
88 329
88 340
88 348
88 360
88 385
88 386
88 428
88 432
88 439
88 456
88 459
88 466
88 482
88 485
88 491
88 494
89 108
89 124
89 138
89 139
89 156
89 166
89 169
89 198
89 202
89 221
89 234
89 251
89 263
89 289
89 293
89 295
89 302
89 306
89 336
89 341
89 364
89 385
89 390
89 395
89 408
89 429
89 454
89 465
89 479
90 91
90 94
90 97
90 100
90 110
90 111
90 150
90 155
90 164
90 181
90 190
90 231
90 237
90 245
90 247
90 264
90 280
90 283
90 314
90 329
90 336
90 350
90 386
90 392
90 397
90 415
90 425
90 465
90 468
90 483
90 493
91 92
91 96
91 102
91 116
91 126
91 130
91 132
91 140
91 177
91 187
91 195
91 236
91 269
91 304
91 325
91 332
91 347
91 391
91 397
91 419
91 420
91 423
91 426
91 431
91 439
91 478
92 101
92 154
92 179
92 193
92 194
92 275
92 284
92 307
92 309
92 327
92 340
92 341
92 349
92 359
92 384
92 392
92 431
92 432
92 442
92 471
92 473
92 480
93 112
93 143
93 149
93 190
93 197
93 200
93 229
93 238
93 246
93 290
93 299
93 308
93 323
93 336
93 365
93 373
93 381
93 388
93 412
93 414
93 428
93 475
93 498
94 109
94 142
94 143
94 145
94 147
94 164
94 169
94 182
94 186
94 192
94 209
94 213
94 226
94 248
94 259
94 260
94 282
94 317
94 320
94 348
94 359
94 401
94 419
94 426
94 435
94 464
94 478
94 489
94 498
95 114
95 122
95 127
95 129
95 135
95 143
95 155
95 174
95 197
95 198
95 237
95 243
95 286
95 291
95 303
95 341
95 349
95 369
95 377
95 399
95 403
95 415
95 424
95 463
95 468
95 470
95 475
95 484
95 487
95 497
96 99
96 102
96 103
96 107
96 116
96 147
96 151
96 165
96 171
96 174
96 181
96 194
96 232
96 248
96 249
96 290
96 292
96 300
96 312
96 316
96 317
96 319
96 322
96 325
96 359
96 370
96 373
96 389
96 410
96 412
96 428
96 430
96 443
96 458
96 462
96 464
96 488
97 115
97 168
97 173
97 223
97 233
97 242
97 278
97 283
97 329
97 343
97 356
97 378
97 402
97 430
97 477
98 102
98 127
98 149
98 172
98 183
98 197
98 201
98 216
98 218
98 231
98 235
98 241
98 270
98 278
98 297
98 307
98 309
98 315
98 332
98 355
98 373
98 378
98 393
98 397
98 415
98 416
98 423
98 435
98 469
98 484
99 112
99 118
99 132
99 167
99 195
99 213
99 231
99 317
99 380
99 390
99 391
99 405
99 427
99 445
99 456
99 458
99 477
99 495
100 104
100 109
100 134
100 137
100 158
100 171
100 190
100 194
100 198
100 199
100 266
100 281
100 285
100 289
100 346
100 368
100 383
100 393
100 408
100 417
100 487
100 491
101 172
101 180
101 198
101 224
101 232
101 328
101 336
101 337
101 351
101 359
101 360
101 377
101 380
101 385
101 388
101 396
101 427
101 430
101 432
101 438
101 454
101 466
101 478
102 114
102 119
102 124
102 125
102 139
102 162
102 163
102 177
102 197
102 202
102 206
102 218
102 219
102 284
102 298
102 304
102 306
102 310
102 317
102 381
102 394
102 398
102 420
102 422
102 431
102 435
102 440
102 445
102 451
102 485
102 489
102 494
103 125
103 143
103 160
103 178
103 184
103 191
103 202
103 218
103 233
103 237
103 278
103 355
103 369
103 473
103 488
103 491
104 110
104 145
104 149
104 152
104 153
104 176
104 218
104 240
104 250
104 273
104 319
104 320
104 334
104 353
104 361
104 388
104 394
104 396
104 404
104 410
104 412
104 413
104 422
104 435
104 441
104 472
104 484
104 489
105 112
105 113
105 129
105 132
105 136
105 153
105 235
105 249
105 267
105 273
105 281
105 285
105 289
105 326
105 368
105 372
105 384
105 398
105 450
105 486
106 116
106 120
106 123
106 150
106 183
106 186
106 193
106 211
106 220
106 221
106 246
106 252
106 317
106 344
106 346
106 352
106 410
106 411
106 414
106 426
106 428
106 459
106 467
106 483
106 495
107 162
107 168
107 172
107 212
107 258
107 262
107 273
107 304
107 317
107 335
107 350
107 357
107 398
107 410
107 422
107 430
107 459
107 475
107 488
107 498
108 123
108 153
108 175
108 181
108 183
108 184
108 217
108 222
108 223
108 243
108 273
108 284
108 295
108 300
108 303
108 308
108 325
108 348
108 357
108 383
108 392
108 406
108 410
108 421
108 431
108 455
109 191
109 202
109 222
109 223
109 240
109 258
109 260
109 266
109 267
109 268
109 274
109 278
109 295
109 306
109 321
109 324
109 329
109 350
109 422
109 435
109 449
109 450
109 452
109 454
109 481
110 121
110 144
110 151
110 174
110 188
110 203
110 221
110 223
110 255
110 268
110 293
110 314
110 332
110 349
110 364
110 390
110 439
110 447
110 451
110 454
110 492
111 116
111 163
111 176
111 178
111 195
111 221
111 238
111 249
111 253
111 254
111 275
111 309
111 314
111 342
111 359
111 361
111 370
111 381
111 434
111 435
111 442
112 118
112 137
112 160
112 188
112 208
112 216
112 225
112 227
112 230
112 290
112 291
112 322
112 335
112 348
112 350
112 388
112 399
112 402
112 409
112 418
112 471
113 131
113 141
113 177
113 189
113 194
113 225
113 229
113 257
113 280
113 287
113 313
113 317
113 333
113 339
113 340
113 392
113 398
113 439
113 450
113 476
113 489
113 495
113 496
113 497
114 116
114 119
114 124
114 126
114 131
114 143
114 152
114 156
114 162
114 193
114 194
114 196
114 223
114 233
114 234
114 274
114 280
114 303
114 304
114 314
114 326
114 330
114 381
114 395
114 426
114 441
114 454
114 490
115 116
115 141
115 162
115 197
115 216
115 220
115 256
115 265
115 269
115 299
115 300
115 335
115 342
115 369
115 370
115 376
115 388
115 400
115 449
116 154
116 188
116 209
116 213
116 216
116 220
116 224
116 241
116 260
116 263
116 264
116 267
116 292
116 313
116 347
116 353
116 377
116 409
116 438
116 445
116 448
116 449
116 451
116 452
116 470
116 477
116 489
117 132
117 164
117 172
117 193
117 200
117 234
117 241
117 249
117 261
117 278
117 287
117 291
117 296
117 339
117 340
117 380
117 394
117 420
117 425
117 429
117 445
117 448
117 455
117 467
118 119
118 184
118 190
118 214
118 215
118 254
118 272
118 277
118 285
118 356
118 360
118 376
118 377
118 386
118 403
118 411
118 425
118 437
118 463
119 135
119 137
119 149
119 173
119 207
119 218
119 221
119 246
119 254
119 256
119 263
119 267
119 297
119 319
119 353
119 368
119 371
119 393
119 400
119 450
119 468
119 477
119 495
120 134
120 144
120 151
120 159
120 178
120 181
120 186
120 220
120 255
120 256
120 270
120 273
120 300
120 307
120 322
120 326
120 358
120 363
120 378
120 404
120 413
120 452
120 465
120 478
120 491
120 497
121 145
121 148
121 149
121 161
121 173
121 208
121 209
121 245
121 254
121 279
121 289
121 292
121 293
121 299
121 402
121 416
121 421
121 441
121 447
121 465
121 471
121 481
122 124
122 126
122 129
122 155
122 163
122 173
122 176
122 179
122 182
122 190
122 298
122 335
122 360
122 370
122 385
122 401
122 411
122 421
122 460
122 487
123 145
123 151
123 164
123 171
123 180
123 181
123 225
123 233
123 241
123 273
123 346
123 365
123 378
123 385
123 390
123 405
123 416
123 419
123 443
123 447
123 471
123 484
123 499
124 131
124 155
124 178
124 206
124 215
124 222
124 287
124 289
124 294
124 344
124 349
124 390
124 401
124 402
124 405
124 408
124 419
124 422
124 437
124 440
124 443
124 486
124 488
125 154
125 177
125 179
125 184
125 191
125 221
125 229
125 230
125 234
125 283
125 300
125 303
125 323
125 345
125 375
125 385
125 390
125 440
125 455
125 468
125 482
125 488
125 495
126 189
126 208
126 237
126 247
126 265
126 283
126 286
126 287
126 299
126 318
126 347
126 367
126 371
126 392
126 398
126 400
126 410
126 420
126 424
126 456
126 484
126 497
127 161
127 166
127 208
127 212
127 241
127 246
127 249
127 273
127 296
127 316
127 327
127 339
127 356
127 359
127 366
127 374
127 402
127 426
127 463
127 465
127 482
127 491
128 129
128 174
128 180
128 214
128 218
128 276
128 301
128 305
128 315
128 336
128 346
128 348
128 356
128 358
128 371
128 377
128 414
128 431
128 434
128 438
129 182
129 210
129 237
129 244
129 256
129 269
129 272
129 279
129 303
129 318
129 321
129 336
129 362
129 378
129 387
129 396
129 441
129 464
129 470
129 480
129 496
130 142
130 150
130 153
130 156
130 160
130 191
130 198
130 207
130 240
130 258
130 278
130 311
130 316
130 412
130 422
130 423
130 433
130 449
130 454
130 458
130 493
131 139
131 161
131 179
131 180
131 194
131 195
131 216
131 234
131 256
131 262
131 264
131 273
131 291
131 323
131 336
131 348
131 361
131 376
131 385
131 393
131 401
131 413
131 435
131 441
131 442
131 453
131 463
131 471
131 490
131 498
132 134
132 135
132 169
132 203
132 266
132 273
132 329
132 333
132 406
132 411
132 421
132 495
133 148
133 168
133 169
133 184
133 192
133 197
133 235
133 238
133 251
133 259
133 264
133 269
133 276
133 285
133 291
133 320
133 339
133 350
133 353
133 363
133 364
133 368
133 375
133 395
133 399
133 414
133 423
133 424
133 445
133 446
134 144
134 148
134 149
134 166
134 173
134 184
134 194
134 215
134 219
134 221
134 254
134 283
134 299
134 333
134 335
134 381
134 382
134 387
134 401
134 468
135 153
135 159
135 211
135 229
135 233
135 258
135 265
135 273
135 287
135 290
135 296
135 308
135 353
135 356
135 373
135 375
135 380
135 386
135 424
135 462
135 470
135 474
135 489
135 492
136 162
136 163
136 188
136 202
136 236
136 261
136 264
136 271
136 288
136 295
136 341
136 344
136 361
136 366
136 374
136 393
136 421
136 463
136 481
136 486
137 152
137 171
137 186
137 229
137 241
137 249
137 289
137 292
137 320
137 368
137 373
137 374
137 377
137 384
137 396
137 427
137 436
137 460
137 464
137 485
138 202
138 224
138 225
138 250
138 255
138 262
138 270
138 293
138 308
138 352
138 367
138 369
138 383
138 392
138 398
138 417
138 473
138 485
138 495
139 140
139 141
139 155
139 172
139 183
139 185
139 201
139 202
139 218
139 219
139 245
139 255
139 264
139 276
139 288
139 323
139 336
139 359
139 402
139 444
139 468
139 475
139 495
139 498
140 190
140 202
140 218
140 226
140 248
140 250
140 300
140 322
140 363
140 366
140 367
140 390
140 399
140 410
140 448
140 449
140 476
140 479
140 488
140 492
141 149
141 150
141 169
141 197
141 280
141 282
141 286
141 335
141 394
141 417
141 419
141 437
141 445
141 450
141 495
142 147
142 148
142 149
142 163
142 185
142 208
142 257
142 267
142 286
142 326
142 337
142 350
142 356
142 378
142 413
142 433
142 446
142 450
143 145
143 152
143 175
143 177
143 184
143 192
143 204
143 209
143 246
143 253
143 287
143 301
143 309
143 356
143 374
143 375
143 382
143 387
143 392
143 408
143 412
143 424
143 440
143 457
143 465
143 487
143 488
144 148
144 158
144 173
144 179
144 190
144 203
144 211
144 218
144 225
144 305
144 312
144 318
144 364
144 365
144 376
144 380
144 381
144 399
144 413
144 428
144 432
144 451
144 459
144 480
145 157
145 281
145 293
145 303
145 322
145 345
145 377
145 379
145 383
145 384
145 397
145 405
145 415
145 438
145 451
145 492
146 148
146 197
146 251
146 269
146 283
146 300
146 302
146 303
146 305
146 331
146 362
146 363
146 367
146 383
146 385
146 391
146 396
146 406
146 439
146 443
146 480
146 488
146 489
146 496
147 158
147 160
147 162
147 175
147 227
147 245
147 283
147 310
147 311
147 325
147 329
147 332
147 347
147 357
147 404
147 406
147 420
147 439
147 448
147 469
147 490
148 172
148 195
148 215
148 230
148 231
148 241
148 253
148 276
148 288
148 329
148 351
148 370
148 371
148 413
148 428
148 445
148 450
148 456
149 168
149 189
149 208
149 211
149 213
149 233
149 240
149 250
149 255
149 299
149 321
149 345
149 354
149 355
149 356
149 367
149 386
149 394
149 402
149 417
149 425
149 480
149 499
150 157
150 162
150 191
150 196
150 205
150 208
150 210
150 222
150 229
150 248
150 308
150 342
150 368
150 379
150 392
150 418
150 424
150 481
151 183
151 194
151 195
151 206
151 211
151 236
151 247
151 254
151 261
151 262
151 264
151 300
151 309
151 322
151 340
151 348
151 376
151 390
151 400
151 411
151 413
151 420
151 433
151 461
151 476
151 482
151 489
151 493
151 494
152 188
152 205
152 234
152 255
152 282
152 307
152 323
152 325
152 368
152 377
152 380
152 386
152 422
152 446
152 462
152 482
152 486
152 490
153 158
153 176
153 182
153 184
153 207
153 231
153 251
153 256
153 274
153 286
153 296
153 302
153 321
153 324
153 326
153 329
153 341
153 342
153 366
153 400
153 409
153 470
153 481
153 485
153 488
153 491
154 164
154 186
154 190
154 202
154 211
154 221
154 235
154 237
154 244
154 251
154 267
154 270
154 302
154 308
154 325
154 337
154 342
154 370
154 387
154 397
154 398
154 431
154 432
154 436
154 441
154 450
154 465
155 167
155 178
155 187
155 190
155 198
155 199
155 258
155 267
155 280
155 291
155 311
155 332
155 355
155 361
155 369
155 373
155 386
155 387
155 396
155 414
155 454
155 473
155 474
155 486
155 493
156 164
156 194
156 218
156 247
156 255
156 303
156 316
156 351
156 364
156 371
156 389
156 410
156 411
156 415
156 422
156 486
156 493
156 496
157 160
157 164
157 170
157 216
157 239
157 244
157 245
157 256
157 260
157 362
157 379
157 401
157 424
157 428
157 459
158 160
158 171
158 179
158 195
158 260
158 264
158 301
158 324
158 326
158 342
158 347
158 369
158 390
158 395
158 407
158 425
158 427
158 435
158 442
158 494
159 164
159 169
159 175
159 200
159 202
159 208
159 221
159 254
159 270
159 274
159 277
159 306
159 322
159 338
159 341
159 343
159 352
159 369
159 379
159 385
159 392
159 397
159 399
159 410
159 449
159 453
159 457
159 477
160 169
160 174
160 184
160 187
160 192
160 215
160 229
160 231
160 235
160 236
160 239
160 243
160 244
160 247
160 263
160 269
160 296
160 326
160 344
160 360
160 398
160 403
160 406
160 413
160 420
160 430
160 448
160 490
161 171
161 180
161 213
161 221
161 251
161 266
161 311
161 341
161 364
161 367
161 370
161 372
161 382
161 408
161 414
161 419
161 421
161 442
161 468
161 487
161 493
162 169
162 196
162 201
162 204
162 209
162 254
162 296
162 305
162 314
162 350
162 374
162 390
162 398
162 404
162 437
162 443
162 450
162 454
162 459
162 467
162 481
163 175
163 183
163 200
163 208
163 217
163 218
163 222
163 244
163 251
163 263
163 264
163 308
163 312
163 329
163 358
163 379
163 380
163 384
163 391
163 410
163 414
163 415
163 424
163 441
163 447
163 486
164 169
164 181
164 192
164 226
164 271
164 288
164 292
164 293
164 317
164 388
164 389
164 402
164 421
164 488
164 496
165 173
165 224
165 247
165 251
165 265
165 269
165 291
165 293
165 362
165 368
165 375
165 381
165 394
165 421
165 430
165 461
165 480
166 207
166 218
166 224
166 232
166 257
166 307
166 313
166 337
166 340
166 354
166 357
166 360
166 375
166 387
166 394
166 400
166 401
166 443
166 451
166 465
166 471
166 483
167 190
167 203
167 246
167 265
167 281
167 283
167 288
167 325
167 328
167 332
167 335
167 338
167 368
167 398
167 434
167 437
167 439
167 453
167 455
167 468
167 499
168 210
168 216
168 249
168 256
168 263
168 281
168 285
168 291
168 315
168 332
168 354
168 355
168 358
168 367
168 413
168 423
168 436
168 447
168 449
168 452
168 493
169 172
169 175
169 184
169 203
169 212
169 241
169 246
169 263
169 284
169 293
169 317
169 323
169 336
169 345
169 347
169 353
169 423
169 428
169 430
169 436
169 459
170 171
170 181
170 184
170 194
170 206
170 231
170 238
170 244
170 248
170 277
170 327
170 351
170 378
170 380
170 402
170 436
170 442
170 451
170 465
170 479
170 485
171 207
171 239
171 248
171 260
171 264
171 268
171 278
171 320
171 395
171 409
171 410
171 415
171 417
171 418
171 456
171 466
171 471
171 472
171 474
171 475
171 476
172 174
172 189
172 203
172 239
172 243
172 245
172 261
172 287
172 327
172 391
172 392
172 404
172 425
172 442
172 452
172 488
172 490
173 198
173 220
173 232
173 248
173 265
173 274
173 296
173 299
173 355
173 361
173 373
173 397
173 453
173 467
173 471
173 498
174 229
174 232
174 237
174 243
174 252
174 271
174 289
174 313
174 334
174 390
174 402
174 413
174 429
174 430
174 481
174 483
174 486
175 202
175 234
175 263
175 268
175 276
175 284
175 289
175 309
175 315
175 322
175 342
175 368
175 374
175 421
175 440
175 444
175 455
175 457
175 460
175 465
175 466
175 467
175 472
175 478
176 179
176 205
176 212
176 217
176 224
176 226
176 232
176 234
176 301
176 317
176 340
176 384
176 407
176 414
176 416
176 464
176 465
176 479
176 484
176 487
177 188
177 198
177 202
177 216
177 255
177 256
177 258
177 273
177 312
177 316
177 327
177 354
177 365
177 368
177 371
177 387
177 408
177 424
177 425
177 434
177 456
177 459
177 473
177 480
177 493
178 187
178 212
178 215
178 234
178 244
178 260
178 276
178 286
178 307
178 321
178 361
178 372
178 374
178 375
178 411
178 432
178 439
178 458
178 473
178 475
178 484
179 193
179 195
179 199
179 208
179 221
179 230
179 239
179 268
179 297
179 307
179 324
179 416
179 448
179 464
179 465
179 476
180 183
180 190
180 204
180 219
180 220
180 263
180 296
180 306
180 317
180 356
180 385
180 391
180 411
180 413
180 429
180 481
180 498
181 197
181 215
181 217
181 232
181 242
181 255
181 260
181 303
181 304
181 306
181 355
181 358
181 375
181 387
181 396
181 439
181 448
181 455
181 469
181 483
181 492
182 216
182 217
182 267
182 294
182 333
182 346
182 358
182 364
182 372
182 399
182 402
182 439
182 453
182 457
182 492
183 185
183 194
183 199
183 208
183 224
183 231
183 232
183 291
183 305
183 323
183 326
183 345
183 364
183 367
183 371
183 387
183 388
183 397
183 399
183 453
183 492
184 195
184 209
184 213
184 224
184 227
184 237
184 246
184 270
184 290
184 292
184 300
184 304
184 353
184 366
184 369
184 386
184 392
184 395
184 417
184 493
185 195
185 218
185 231
185 235
185 239
185 247
185 253
185 288
185 302
185 314
185 336
185 344
185 390
185 405
185 406
185 441
185 453
185 471
185 480
185 483
185 485
185 492
186 188
186 189
186 207
186 245
186 250
186 262
186 272
186 275
186 277
186 287
186 309
186 319
186 322
186 334
186 341
186 371
186 426
186 453
186 460
186 495
187 196
187 212
187 236
187 246
187 296
187 336
187 341
187 347
187 366
187 376
187 385
187 387
187 421
187 447
187 473
187 488
188 221
188 257
188 280
188 309
188 314
188 315
188 338
188 352
188 452
188 456
188 481
188 490
189 192
189 197
189 199
189 223
189 232
189 235
189 284
189 286
189 291
189 309
189 317
189 387
189 393
189 411
189 421
189 438
189 494
190 199
190 243
190 292
190 305
190 329
190 353
190 358
190 359
190 371
190 372
190 379
190 384
190 389
190 401
190 413
190 414
190 421
190 444
190 496
191 201
191 218
191 245
191 249
191 256
191 292
191 316
191 321
191 323
191 331
191 341
191 354
191 359
191 395
191 396
191 413
191 427
191 439
191 453
191 457
191 459
191 462
191 496
192 283
192 291
192 303
192 306
192 327
192 341
192 343
192 370
192 371
192 379
192 404
192 406
192 420
192 427
192 466
192 467
192 475
192 488
192 497
192 498
193 197
193 220
193 240
193 249
193 296
193 306
193 307
193 336
193 354
193 374
193 413
193 434
193 481
194 214
194 253
194 288
194 300
194 307
194 349
194 408
194 443
194 448
194 459
194 492
194 495
195 198
195 205
195 218
195 246
195 247
195 256
195 264
195 271
195 281
195 358
195 374
195 390
195 405
195 454
195 458
195 474
195 485
195 490
196 250
196 264
196 289
196 343
196 361
196 406
196 445
196 456
196 491
196 499
197 220
197 234
197 252
197 274
197 299
197 314
197 317
197 357
197 373
197 377
197 382
197 398
197 415
197 457
197 472
198 214
198 221
198 224
198 249
198 256
198 265
198 325
198 342
198 346
198 348
198 354
198 361
198 382
198 387
198 408
198 409
198 426
198 445
198 447
198 468
198 498
199 205
199 224
199 237
199 247
199 259
199 268
199 287
199 301
199 305
199 318
199 359
199 360
199 397
199 432
199 434
199 439
199 441
199 447
199 455
199 480
200 220
200 228
200 265
200 279
200 295
200 299
200 312
200 318
200 334
200 367
200 375
200 378
200 397
200 411
200 453
200 463
200 473
200 476
201 212
201 219
201 277
201 291
201 344
201 352
201 374
201 378
201 401
201 406
201 430
201 431
201 438
202 208
202 215
202 231
202 238
202 249
202 256
202 262
202 263
202 274
202 278
202 286
202 331
202 348
202 358
202 363
202 380
202 417
202 438
202 440
202 450
202 451
202 459
202 464
202 470
203 239
203 266
203 267
203 277
203 290
203 295
203 307
203 327
203 336
203 349
203 372
203 399
203 416
203 482
203 491
203 497
204 291
204 322
204 347
204 352
204 379
204 401
204 418
204 419
204 440
204 460
205 210
205 212
205 257
205 279
205 313
205 335
205 370
205 397
205 410
205 449
205 477
205 491
206 212
206 239
206 249
206 261
206 280
206 300
206 348
206 360
206 382
206 408
206 419
206 422
206 444
206 459
206 491
206 495
207 212
207 294
207 312
207 321
207 349
207 366
207 375
207 386
207 410
207 418
207 436
207 437
207 454
207 476
207 485
207 493
208 225
208 256
208 268
208 291
208 299
208 322
208 337
208 338
208 359
208 370
208 396
208 399
208 410
208 431
208 459
208 477
208 482
208 498
209 220
209 244
209 249
209 282
209 284
209 326
209 369
209 370
209 373
209 376
209 410
209 426
209 434
209 461
209 498
210 219
210 229
210 232
210 254
210 287
210 293
210 299
210 301
210 309
210 385
210 396
210 408
210 440
210 493
210 499
211 223
211 236
211 260
211 262
211 264
211 269
211 292
211 295
211 329
211 344
211 351
211 367
211 374
211 384
211 385
211 400
211 424
211 440
211 464
211 469
211 477
211 482
212 293
212 296
212 345
212 346
212 355
212 360
212 387
212 392
212 399
213 214
213 220
213 238
213 250
213 283
213 301
213 319
213 343
213 356
213 358
213 360
213 376
213 413
213 442
213 445
213 446
213 450
213 491
213 493
214 237
214 274
214 322
214 329
214 332
214 334
214 346
214 348
214 349
214 355
214 369
214 371
214 381
214 390
214 408
214 420
214 453
214 488
215 226
215 229
215 238
215 243
215 245
215 278
215 287
215 288
215 292
215 367
215 385
215 446
215 450
215 458
215 465
215 469
215 482
215 489
215 493
215 497
216 247
216 252
216 260
216 261
216 264
216 279
216 291
216 302
216 317
216 357
216 381
216 382
216 409
216 423
216 449
216 471
216 482
216 483
216 491
217 221
217 265
217 266
217 297
217 326
217 340
217 384
217 389
217 395
217 436
217 448
217 466
217 469
217 474
217 480
217 492
218 238
218 246
218 271
218 280
218 283
218 288
218 291
218 295
218 299
218 304
218 305
218 331
218 336
218 347
218 375
218 379
218 396
218 427
218 428
218 456
218 480
218 495
219 222
219 286
219 291
219 313
219 319
219 322
219 337
219 384
219 404
219 411
219 432
219 466
219 472
220 228
220 239
220 264
220 268
220 270
220 289
220 297
220 321
220 324
220 344
220 350
220 358
220 373
220 402
220 409
220 467
220 481
220 491
221 234
221 269
221 284
221 327
221 334
221 340
221 345
221 351
221 352
221 359
221 440
221 447
221 469
221 476
221 493
221 496
222 276
222 288
222 296
222 299
222 302
222 311
222 321
222 342
222 350
222 388
222 400
222 401
222 402
222 439
222 459
222 471
222 477
222 486
223 243
223 244
223 250
223 304
223 338
223 350
223 434
223 451
223 457
223 479
223 494
224 242
224 247
224 248
224 252
224 258
224 262
224 291
224 308
224 316
224 328
224 333
224 354
224 374
224 391
224 392
224 425
224 433
224 452
224 454
224 460
224 493
225 230
225 239
225 247
225 260
225 282
225 310
225 311
225 313
225 329
225 341
225 361
225 365
225 366
225 370
225 376
225 384
225 414
225 441
225 451
225 455
225 499
226 244
226 248
226 256
226 277
226 321
226 381
226 385
226 401
226 402
226 415
226 423
226 431
226 441
226 472
226 474
226 475
226 485
227 239
227 297
227 298
227 304
227 309
227 329
227 355
227 356
227 363
227 374
227 437
227 440
227 469
227 497
227 498
228 283
228 290
228 364
228 369
228 374
228 376
228 385
228 399
228 455
228 485
229 231
229 234
229 247
229 255
229 259
229 276
229 299
229 352
229 357
229 390
229 406
229 408
229 411
229 427
229 450
229 459
229 478
229 496
230 231
230 232
230 265
230 288
230 297
230 309
230 310
230 325
230 327
230 350
230 355
230 357
230 393
230 394
230 447
230 475
230 484
230 485
230 488
231 261
231 277
231 282
231 283
231 285
231 300
231 318
231 330
231 339
231 370
231 381
231 451
231 458
231 472
231 491
231 494
232 263
232 277
232 289
232 312
232 345
232 374
232 381
232 383
232 387
232 391
232 398
232 438
232 442
232 449
232 468
232 476
232 494
233 247
233 263
233 300
233 307
233 311
233 349
233 366
233 373
233 375
233 383
233 404
233 410
233 431
233 455
233 479
233 494
234 237
234 286
234 288
234 299
234 303
234 310
234 317
234 327
234 331
234 347
234 376
234 419
234 425
234 443
234 470
234 473
234 491
235 243
235 253
235 256
235 265
235 273
235 297
235 301
235 304
235 333
235 348
235 360
235 364
235 372
235 388
235 395
235 426
235 431
235 453
235 457
235 499
236 246
236 269
236 300
236 302
236 335
236 352
236 375
236 386
236 387
236 404
236 415
236 421
236 427
236 437
236 451
236 468
236 477
236 481
236 495
237 240
237 244
237 248
237 280
237 304
237 324
237 337
237 352
237 375
237 389
237 425
237 443
237 476
237 493
238 261
238 281
238 292
238 333
238 334
238 341
238 352
238 359
238 389
238 420
238 493
239 240
239 252
239 269
239 291
239 356
239 357
239 403
239 418
239 419
239 435
239 437
239 452
239 488
239 498
240 270
240 275
240 304
240 321
240 353
240 384
240 426
240 441
241 249
241 262
241 285
241 293
241 351
241 370
241 388
241 395
241 400
241 408
241 418
241 432
241 436
241 447
241 464
241 484
242 248
242 250
242 257
242 259
242 301
242 320
242 336
242 359
242 385
242 388
242 404
242 436
242 450
242 458
242 461
242 495
243 260
243 299
243 320
243 321
243 334
243 347
243 363
243 385
243 403
243 469
243 474
243 497
244 283
244 304
244 343
244 365
244 374
244 378
244 391
244 397
244 444
244 467
244 494
245 283
245 291
245 305
245 309
245 324
245 327
245 329
245 349
245 353
245 402
245 403
245 412
245 425
245 427
245 435
245 464
245 493
245 499
246 249
246 254
246 260
246 271
246 294
246 327
246 330
246 346
246 348
246 367
246 387
246 397
246 404
246 420
246 438
246 456
246 471
246 497
247 257
247 262
247 302
247 303
247 317
247 338
247 339
247 394
247 420
247 461
247 497
248 260
248 294
248 299
248 334
248 335
248 352
248 395
248 468
248 478
248 495
248 496
248 498
249 261
249 300
249 341
249 345
249 359
249 367
249 375
249 377
249 402
249 406
249 407
249 416
249 421
249 423
249 484
250 257
250 282
250 285
250 313
250 321
250 346
250 383
250 385
250 392
250 402
250 498
251 271
251 280
251 287
251 304
251 326
251 334
251 369
251 380
251 389
251 412
251 453
251 454
251 480
251 488
251 493
252 300
252 301
252 316
252 322
252 334
252 355
252 376
252 384
252 416
252 422
252 451
252 489
252 495
253 263
253 271
253 276
253 277
253 291
253 312
253 322
253 326
253 329
253 339
253 371
253 376
253 378
253 383
253 419
253 441
253 462
253 490
254 257
254 262
254 278
254 283
254 310
254 313
254 336
254 362
254 365
254 415
254 422
254 444
254 452
254 493
255 264
255 282
255 297
255 309
255 314
255 321
255 324
255 372
255 393
255 398
255 431
255 443
255 449
255 458
255 487
255 494
256 267
256 277
256 280
256 295
256 344
256 397
256 399
256 419
256 455
256 467
256 493
257 266
257 267
257 284
257 286
257 310
257 319
257 326
257 340
257 342
257 363
257 378
257 381
257 383
257 388
257 430
257 438
257 475
258 272
258 288
258 292
258 300
258 314
258 360
258 386
258 391
258 404
258 419
258 457
258 490
259 282
259 284
259 287
259 292
259 297
259 304
259 306
259 334
259 345
259 361
259 384
259 385
259 394
259 397
259 398
259 423
259 424
259 456
259 457
259 475
259 483
259 485
259 487
259 493
260 270
260 307
260 320
260 323
260 325
260 337
260 352
260 368
260 385
260 404
260 423
260 424
260 429
260 440
260 451
261 295
261 319
261 331
261 335
261 344
261 346
261 353
261 359
261 403
261 405
261 408
261 425
261 449
261 452
261 459
261 481
261 486
262 263
262 269
262 287
262 293
262 300
262 308
262 311
262 337
262 386
262 411
262 421
262 423
262 446
262 458
262 461
262 482
263 266
263 319
263 344
263 360
263 396
263 403
263 411
263 414
263 419
263 462
263 480
263 489
264 270
264 290
264 368
264 401
264 412
264 420
264 422
264 425
264 446
264 479
265 314
265 339
265 348
265 371
265 391
265 404
265 406
265 443
265 444
265 445
265 485
265 496
266 324
266 328
266 329
266 393
266 414
266 423
266 441
266 454
266 457
266 467
266 472
266 494
267 269
267 296
267 315
267 323
267 329
267 336
267 346
267 361
267 367
267 403
267 408
267 426
267 440
267 447
267 486
268 280
268 282
268 285
268 335
268 338
268 366
268 382
268 399
268 401
268 457
268 461
268 474
268 480
268 483
268 490
269 313
269 333
269 343
269 344
269 358
269 374
269 384
269 389
269 444
269 445
269 451
269 479
269 496
270 278
270 321
270 339
270 371
270 373
270 405
270 428
270 441
270 469
271 278
271 323
271 327
271 338
271 343
271 349
271 352
271 358
271 398
271 435
272 293
272 300
272 323
272 333
272 379
272 388
272 400
272 407
272 413
272 427
272 430
272 464
273 314
273 327
273 351
273 367
273 380
273 384
273 402
273 427
273 433
273 434
273 437
273 450
273 455
273 486
273 492
273 495
274 275
274 277
274 278
274 282
274 285
274 312
274 313
274 321
274 328
274 330
274 338
274 339
274 413
274 442
274 471
274 474
274 476
274 489
275 282
275 328
275 353
275 360
275 379
275 387
275 391
275 399
275 435
275 442
275 447
275 457
275 459
275 479
276 282
276 322
276 350
276 355
276 392
276 398
276 403
276 419
276 439
276 442
276 446
276 457
276 464
276 493
277 291
277 314
277 325
277 328
277 342
277 360
277 375
277 394
277 404
277 405
277 427
277 440
277 449
277 463
277 467
277 475
277 489
277 491
277 497
278 280
278 369
278 373
278 433
278 440
278 441
278 462
278 464
278 473
278 479
278 484
279 285
279 313
279 367
279 381
279 396
279 446
279 458
279 461
279 484
280 303
280 308
280 318
280 370
280 371
280 378
280 396
280 414
280 420
280 431
280 493
281 287
281 299
281 332
281 335
281 378
281 392
281 411
281 450
281 488
281 490
281 493
281 494
282 296
282 306
282 313
282 329
282 332
282 333
282 337
282 346
282 347
282 366
282 397
282 437
282 449
282 453
282 470
282 475
282 481
283 296
283 320
283 332
283 333
283 334
283 338
283 344
283 352
283 362
283 371
283 391
283 393
283 419
283 421
283 425
283 464
283 474
283 487
284 285
284 290
284 378
284 384
284 441
284 453
285 320
285 324
285 330
285 333
285 389
285 403
285 409
285 413
285 432
285 463
285 498
285 499
286 287
286 306
286 310
286 332
286 339
286 340
286 345
286 367
286 377
286 380
286 387
286 395
286 415
286 418
286 427
286 433
286 447
286 465
286 476
286 483
287 309
287 317
287 332
287 338
287 354
287 364
287 371
287 377
287 399
287 402
287 412
287 418
287 427
287 452
287 488
288 350
288 403
288 416
288 430
288 466
288 472
288 492
289 292
289 300
289 314
289 316
289 318
289 322
289 339
289 343
289 395
289 402
289 414
289 453
289 483
289 485
290 291
290 300
290 317
290 334
290 364
290 370
290 386
290 392
290 396
290 425
290 499
291 300
291 303
291 327
291 340
291 346
291 367
291 375
291 393
291 404
291 414
291 439
291 452
291 476
292 313
292 356
292 364
292 376
292 379
292 383
292 407
292 430
292 441
292 456
292 487
292 497
293 297
293 303
293 313
293 322
293 326
293 372
293 426
293 475
293 476
293 478
293 497
294 310
294 349
294 373
294 376
294 398
294 404
294 413
295 311
295 318
295 320
295 325
295 341
295 348
295 374
295 382
295 384
295 396
295 399
295 432
295 454
295 465
295 499
296 325
296 328
296 330
296 339
296 347
296 354
296 357
296 360
296 388
296 457
297 299
297 301
297 303
297 315
297 339
297 340
297 360
297 367
297 375
297 379
297 421
297 424
297 440
297 445
298 300
298 305
298 334
298 353
298 355
298 357
298 391
298 422
298 424
298 436
298 458
298 466
298 471
298 481
299 302
299 320
299 322
299 337
299 343
299 362
299 377
299 381
299 383
299 384
299 389
299 392
299 395
299 420
299 451
299 471
299 487
300 304
300 310
300 321
300 324
300 326
300 331
300 347
300 348
300 420
300 427
300 430
300 445
300 456
300 490
301 310
301 330
301 344
301 358
301 368
301 381
301 411
301 424
301 430
301 463
301 470
301 483
301 495
302 303
302 308
302 314
302 315
302 327
302 337
302 390
302 397
302 404
302 406
302 493
302 494
302 498
302 499
303 309
303 311
303 314
303 324
303 350
303 361
303 378
303 383
303 387
303 454
303 463
303 479
304 306
304 307
304 321
304 323
304 332
304 353
304 355
304 361
304 385
304 433
304 447
305 334
305 340
305 341
305 346
305 353
305 360
305 367
305 373
305 379
305 393
305 395
305 412
305 438
305 453
305 472
305 475
305 479
306 310
306 325
306 329
306 341
306 359
306 362
306 376
306 398
306 420
306 427
306 436
306 437
306 454
306 456
306 465
306 474
307 322
307 350
307 367
307 383
307 390
307 408
307 433
307 437
307 438
307 439
307 444
307 452
307 470
307 481
307 485
307 486
308 349
308 354
308 407
308 408
308 411
308 412
308 413
308 427
308 441
308 490
309 311
309 337
309 344
309 413
309 445
309 470
310 314
310 321
310 366
310 379
310 385
310 386
310 413
310 416
310 420
310 448
310 463
310 470
310 474
310 480
311 312
311 354
311 375
311 381
311 467
311 478
311 485
311 498
312 329
312 335
312 338
312 346
312 349
312 360
312 398
312 400
312 418
312 433
312 442
312 455
312 457
312 463
312 477
312 489
313 321
313 330
313 352
313 397
313 416
313 421
313 474
313 491
314 331
314 350
314 358
314 367
314 386
314 398
314 433
314 435
314 445
314 448
314 450
314 457
314 483
315 340
315 341
315 350
315 408
315 451
315 455
315 456
315 463
315 467
315 494
316 336
316 369
316 392
316 410
316 430
316 448
316 471
317 354
317 382
317 385
317 389
317 405
317 432
317 437
318 322
318 346
318 367
318 368
318 377
318 401
318 406
318 415
318 418
318 422
318 428
318 429
318 469
319 326
319 339
319 384
319 412
319 428
319 432
319 476
320 321
320 396
320 405
320 448
320 487
321 371
321 390
321 394
321 402
321 425
321 447
321 479
321 482
322 326
322 335
322 341
322 356
322 367
322 381
322 460
322 470
323 356
323 366
323 369
323 391
323 400
323 402
323 422
323 425
323 431
323 436
323 437
323 482
323 495
324 341
324 372
324 375
324 379
324 381
324 396
324 413
324 416
324 430
324 434
324 437
324 456
324 458
324 479
324 490
325 332
325 343
325 393
325 400
325 417
325 443
325 456
325 462
325 469
325 490
325 494
326 392
326 394
326 395
326 398
326 412
326 468
326 482
327 334
327 347
327 374
327 383
327 479
327 485
327 486
328 329
328 358
328 373
328 409
328 430
328 461
328 472
328 474
328 477
328 478
328 499
329 331
329 344
329 350
329 362
329 366
329 367
329 378
329 385
329 391
329 399
329 403
329 436
329 442
329 448
329 453
329 459
329 477
329 481
329 491
329 499
330 361
330 388
330 396
330 424
330 440
330 450
330 456
330 477
330 483
331 364
331 366
331 367
331 377
331 419
331 442
331 448
331 461
331 490
331 497
332 341
332 358
332 398
332 418
332 432
332 451
332 452
332 498
332 499
333 366
333 371
333 378
333 386
333 395
333 443
333 455
333 470
333 473
333 479
333 487
334 361
334 371
334 388
334 407
334 418
334 419
334 421
334 430
334 497
335 382
335 387
335 395
335 416
335 430
335 441
335 446
335 461
335 466
335 497
336 341
336 364
336 434
336 474
336 494
337 338
337 345
337 347
337 355
337 379
337 383
337 400
337 413
337 422
337 423
337 427
337 447
337 474
337 498
338 347
338 382
338 389
338 409
338 415
338 416
338 424
338 440
338 456
338 485
338 492
338 494
339 355
339 388
339 402
339 403
339 408
339 415
339 424
339 425
339 426
339 450
339 452
339 455
339 471
339 488
340 341
340 378
340 427
340 434
340 443
340 444
340 452
340 481
340 493
340 497
341 400
341 401
341 412
341 418
341 429
341 430
341 439
341 476
341 490
342 348
342 350
342 351
342 361
342 382
342 388
342 392
342 399
342 410
342 411
342 441
342 443
342 448
343 348
343 379
343 387
343 413
343 450
343 475
344 350
344 391
344 460
344 477
344 497
345 360
345 370
345 394
345 413
345 438
345 454
345 469
345 493
346 391
346 464
346 488
346 493
347 376
347 407
347 408
347 423
347 463
347 479
347 494
348 354
348 385
348 386
348 391
348 399
348 434
348 457
348 472
348 499
349 362
349 365
349 380
349 384
349 404
349 425
349 427
349 428
349 433
349 443
349 448
349 449
349 453
349 456
349 482
349 485
350 360
350 373
350 376
350 378
350 396
350 441
350 467
351 365
351 371
351 376
351 377
351 379
351 388
351 414
351 429
351 489
351 491
351 492
352 354
352 372
352 378
352 383
352 388
352 432
352 450
352 472
352 494
352 499
353 376
353 395
353 409
353 413
353 416
353 421
353 477
354 377
354 378
354 384
354 388
354 394
354 429
354 453
354 457
354 472
354 498
355 366
355 387
355 442
355 456
355 468
355 478
356 369
356 385
356 391
356 394
356 421
356 425
356 488
357 362
357 368
357 393
357 402
357 407
357 441
357 447
357 457
357 475
357 481
357 487
357 491
358 380
358 386
358 398
358 457
358 466
358 470
359 414
359 446
359 486
359 493
360 369
360 382
360 391
360 393
360 403
360 405
360 412
360 424
360 433
360 434
360 449
360 481
360 492
361 363
361 384
361 398
361 419
361 443
361 450
362 364
362 384
362 385
362 388
362 427
362 453
362 492
362 495
363 472
363 479
364 366
364 373
364 388
364 396
364 398
364 416
364 420
364 426
364 429
364 449
364 484
364 491
364 497
365 374
365 389
365 416
365 421
365 450
365 470
365 490
365 494
366 372
366 380
366 391
366 404
366 418
366 430
366 436
366 463
366 467
366 472
366 479
367 403
367 418
367 424
367 462
367 469
367 476
367 492
367 495
368 375
368 383
368 391
368 400
368 425
368 436
368 457
369 371
369 403
369 414
369 430
369 449
369 454
369 463
369 473
369 480
369 494
370 393
370 414
370 415
370 476
371 397
371 410
371 422
371 429
371 431
371 458
371 463
371 489
372 390
372 427
372 449
372 458
372 492
372 493
373 397
373 413
373 417
373 423
373 433
373 441
373 445
373 487
374 387
374 415
374 430
374 432
374 452
374 466
374 484
375 377
375 395
375 407
375 458
376 381
376 387
376 455
376 456
376 472
376 487
376 488
377 417
377 428
377 429
377 437
377 469
377 476
377 492
378 402
378 424
378 435
378 443
378 459
378 479
378 481
378 493
379 405
379 436
379 444
379 449
379 450
379 461
379 470
379 479
379 496
380 399
380 403
380 413
380 431
380 433
380 437
380 445
380 466
380 483
380 495
380 496
381 383
381 409
381 438
381 443
381 458
381 464
381 492
382 392
382 399
382 406
382 409
382 426
382 430
382 432
382 442
382 452
382 458
382 470
382 497
383 385
383 403
383 422
383 427
383 449
383 451
383 468
383 481
384 393
384 396
384 441
384 460
384 476
384 482
385 423
385 455
385 478
385 494
386 391
386 416
386 427
386 435
386 444
386 466
386 471
387 416
387 417
387 426
387 453
387 463
387 472
388 390
388 417
388 425
388 434
388 437
388 442
388 479
388 480
388 488
388 495
389 395
389 396
389 453
389 472
389 473
389 479
390 404
390 431
390 438
390 441
390 445
390 451
390 464
390 489
391 406
391 442
391 449
392 401
392 404
392 408
392 412
392 416
392 435
392 454
392 456
392 487
393 426
393 443
393 491
394 407
394 444
394 446
394 453
394 477
394 478
395 425
395 437
395 447
395 454
396 414
396 423
396 430
396 442
396 479
397 400
397 433
397 447
397 472
397 483
398 404
398 423
398 429
398 430
398 444
398 445
398 468
398 470
398 493
398 496
399 401
399 465
399 467
399 492
400 420
400 457
401 416
401 471
401 482
401 483
401 491
401 497
402 407
402 421
402 429
402 438
402 441
402 470
403 430
404 444
404 445
404 446
404 464
404 476
404 486
405 440
405 444
405 459
405 460
405 467
406 412
406 443
406 486
407 423
407 427
407 437
407 441
407 465
407 496
407 498
408 426
408 431
408 457
408 462
408 464
408 473
408 474
408 483
408 484
409 421
409 424
409 435
409 438
409 473
409 487
410 412
410 419
410 426
410 436
410 442
410 459
410 473
410 474
410 478
410 479
410 494
410 496
411 453
412 423
412 425
412 437
412 445
412 483
413 421
413 425
413 431
413 433
413 446
413 466
413 476
413 482
413 485
414 430
414 449
414 469
414 477
414 493
415 436
415 449
415 468
415 483
415 492
416 426
416 437
416 439
417 467
417 471
417 484
417 493
418 428
418 436
418 443
418 489
419 423
419 425
419 426
419 457
419 486
420 438
420 453
420 456
420 460
420 490
421 434
421 450
421 463
421 498
421 499
422 433
423 426
423 428
423 443
423 448
423 465
423 476
423 497
424 434
424 457
424 472
424 482
424 495
425 442
425 446
425 460
425 462
425 463
425 476
425 477
425 479
425 485
426 436
426 443
426 446
426 450
426 479
428 454
428 465
428 469
428 472
428 480
429 489
430 431
430 433
430 449
430 463
430 480
430 497
431 439
431 481
431 483
431 488
431 496
432 434
432 481
433 435
433 446
433 452
433 457
433 473
433 486
434 444
434 462
434 482
434 497
435 452
435 457
435 465
435 477
435 492
436 447
436 472
436 486
436 493
437 445
437 462
437 491
437 493
437 494
438 460
439 479
439 484
439 496
440 475
440 497
441 445
441 468
441 492
442 458
442 493
443 453
443 487
445 447
445 483
446 464
446 496
447 450
447 456
447 488
448 450
448 474
449 451
449 457
449 459
451 474
453 461
453 473
453 475
453 491
453 497
454 466
455 459
455 477
455 489
455 491
456 459
456 464
456 471
456 474
456 489
457 462
457 472
457 494
457 499
458 474
458 499
459 460
459 478
459 491
460 474
460 477
461 465
461 470
461 485
461 493
461 494
462 486
463 473
463 484
463 497
464 466
464 475
465 468
466 473
466 476
466 480
466 497
466 498
467 472
467 488
469 474
469 489
469 491
469 498
470 483
471 477
471 489
473 491
473 499
475 482
476 491
477 485
477 496
478 481
478 489
478 495
478 497
480 486
480 491
480 495
481 491
481 499
482 486
482 497
483 493
485 499
490 494
498 499
