# Erdos-Renyi general graph G(n, p)
# nodes=50 edge_probability=0.1 seed=0 edges=145
# first data line: '<node count> <edge count>', then one '<source> <target>' pair per line
50 145
0 36
0 41
1 5
1 28
2 3
2 18
2 23
2 30
2 31
2 38
2 47
3 12
3 29
3 32
3 46
4 14
4 32
4 40
4 43
5 8
5 19
5 20
5 26
5 37
5 44
6 10
6 13
6 17
6 34
6 35
6 37
6 38
7 10
7 19
7 46
8 13
8 14
8 16
8 18
8 19
8 47
9 11
9 17
9 22
9 23
9 34
9 37
10 31
10 32
10 40
11 15
11 18
11 21
11 25
11 26
11 28
11 30
11 33
11 40
11 42
12 33
12 35
12 36
12 37
12 44
12 48
13 38
13 41
14 22
14 33
15 34
15 37
15 39
15 42
15 44
15 49
16 17
16 47
17 18
17 20
17 42
17 44
18 29
18 30
18 43
18 45
18 48
19 23
19 24
19 29
19 33
20 24
21 26
21 31
22 23
22 38
22 39
23 27
23 29
23 30
23 33
23 34
24 27
24 31
24 41
24 47
25 33
25 35
25 36
26 35
26 37
27 39
27 49
28 30
30 38
31 33
32 33
32 34
32 35
32 43
32 49
33 36
33 39
33 43
34 41
34 47
34 49
35 42
36 42
36 45
36 48
38 39
38 49
39 41
39 45
39 48
40 44
40 45
41 45
42 48
43 47
43 48
44 49
46 47
47 49
