# Erdos-Renyi general graph G(n, p)
# nodes=500 edge_probability=0.03 seed=42 edges=3669
# first data line: '<node count> <edge count>', then one '<source> <target>' pair per line
500 3669
0 2
0 10
0 13
0 20
0 101
0 125
0 127
0 270
0 291
0 298
0 325
0 343
0 369
0 395
0 416
0 428
0 482
0 494
1 4
1 7
1 21
1 31
1 46
1 92
1 101
1 140
1 187
1 385
1 459
1 469
2 19
2 32
2 39
2 40
2 131
2 139
2 174
2 180
2 191
2 199
2 379
2 385
2 397
2 414
2 435
3 66
3 118
3 167
3 231
3 248
3 317
3 346
3 384
3 471
3 472
3 488
4 65
4 127
4 135
4 137
4 141
4 168
4 216
4 236
4 245
4 345
4 357
4 390
4 441
5 37
5 64
5 84
5 89
5 108
5 158
5 208
5 256
5 269
5 276
5 346
5 357
5 371
5 430
5 445
5 453
6 18
6 71
6 169
6 198
6 232
6 235
6 239
6 341
6 357
6 401
6 434
6 489
7 53
7 160
7 191
7 248
7 275
7 302
7 337
7 380
7 403
7 489
8 11
8 78
8 116
8 146
8 187
8 197
8 253
8 305
8 344
8 355
8 369
8 395
8 400
8 404
8 408
8 436
8 496
9 52
9 56
9 156
9 197
9 242
9 261
9 265
9 275
9 285
9 291
9 305
9 322
9 393
9 492
10 75
10 76
10 86
10 93
10 98
10 150
10 168
10 189
10 294
10 311
10 342
10 421
10 461
10 490
10 497
11 78
11 178
11 180
11 202
11 293
11 306
11 318
11 457
11 487
12 57
12 58
12 112
12 143
12 185
12 321
12 326
12 341
12 395
12 445
12 494
13 58
13 134
13 225
13 239
13 340
13 357
13 359
13 372
13 384
13 412
13 446
14 32
14 34
14 58
14 86
14 224
14 235
14 252
14 294
14 299
14 332
14 335
14 358
14 363
14 422
14 426
14 475
15 27
15 54
15 75
15 83
15 86
15 193
15 226
15 236
15 291
15 348
15 362
15 385
15 479
15 493
16 44
16 62
16 104
16 135
16 170
16 175
16 213
16 293
16 372
16 413
16 430
16 461
17 28
17 41
17 69
17 166
17 217
17 284
17 329
17 374
17 422
17 438
17 447
17 472
18 28
18 67
18 69
18 90
18 120
18 155
18 173
18 267
18 335
18 355
18 372
18 374
18 427
18 439
18 477
19 33
19 43
19 57
19 58
19 110
19 121
19 181
19 183
19 234
19 267
19 324
19 354
19 365
19 413
19 421
19 471
19 487
20 36
20 40
20 78
20 81
20 218
20 252
20 282
20 351
20 381
20 462
21 53
21 137
21 142
21 144
21 184
21 199
21 266
21 289
21 311
21 322
21 336
21 371
21 425
22 31
22 43
22 46
22 72
22 88
22 113
22 190
22 199
22 220
22 238
22 306
22 353
22 387
22 415
22 423
22 434
22 456
22 462
23 78
23 92
23 148
23 170
23 244
23 316
23 367
23 385
23 394
23 429
23 431
23 433
23 451
23 499
24 83
24 189
24 222
24 253
24 339
24 341
24 428
24 430
25 34
25 74
25 82
25 84
25 157
25 197
25 202
25 346
25 417
25 456
25 484
26 37
26 71
26 72
26 90
26 107
26 142
26 175
26 181
26 191
26 213
26 252
26 294
26 297
26 374
26 384
26 405
26 447
26 450
26 452
26 485
26 496
27 120
27 133
27 167
27 187
27 213
27 235
27 269
27 275
27 307
27 405
27 436
28 37
28 105
28 109
28 128
28 158
28 168
28 202
28 205
28 245
28 330
28 338
28 432
28 451
29 58
29 77
29 135
29 176
29 231
29 239
29 284
29 362
29 368
29 438
30 88
30 89
30 91
30 132
30 134
30 164
30 179
30 232
30 303
30 307
30 324
30 375
30 385
30 429
30 486
31 40
31 43
31 51
31 90
31 106
31 127
31 152
31 241
31 245
31 262
31 273
31 297
31 335
31 360
31 428
31 434
32 87
32 112
32 131
32 135
32 142
32 296
32 303
32 311
32 368
32 391
32 403
32 407
32 422
32 467
33 38
33 47
33 49
33 82
33 93
33 138
33 145
33 155
33 198
33 265
33 269
33 324
33 336
33 435
33 450
33 497
34 45
34 141
34 169
34 233
34 236
34 249
34 278
34 289
34 296
34 315
34 346
34 359
34 362
34 416
34 435
34 480
35 125
35 133
35 142
35 180
35 184
35 190
35 193
35 247
35 281
35 324
35 326
35 411
35 414
35 450
36 45
36 189
36 221
36 249
36 259
36 300
36 400
36 429
36 440
36 445
36 473
37 50
37 154
37 228
37 295
37 314
37 326
37 420
37 433
37 440
37 447
38 79
38 89
38 147
38 150
38 151
38 158
38 227
38 236
38 281
38 286
38 349
38 381
38 397
38 442
38 456
39 91
39 189
39 221
39 250
39 255
39 328
39 356
39 381
39 401
39 454
40 63
40 72
40 89
40 102
40 115
40 142
40 178
40 216
40 223
40 225
40 229
40 237
40 245
40 301
40 306
40 349
40 364
40 373
40 378
40 412
40 415
41 44
41 61
41 79
41 129
41 136
41 142
41 150
41 171
41 180
41 199
41 218
41 238
41 311
41 327
41 350
41 384
41 396
41 410
41 450
41 492
42 78
42 83
42 88
42 90
42 112
42 143
42 203
42 282
42 339
42 354
42 373
42 387
42 461
42 473
43 63
43 85
43 123
43 137
43 146
43 185
43 190
43 196
43 216
43 236
43 265
43 285
43 288
43 307
43 317
43 332
43 390
43 435
44 60
44 72
44 101
44 136
44 154
44 157
44 162
44 169
44 183
44 249
44 299
44 306
44 353
44 373
44 386
44 391
44 394
44 445
44 456
45 57
45 74
45 96
45 98
45 189
45 236
45 246
45 276
45 303
45 331
45 348
45 363
45 384
45 404
45 454
46 234
46 276
46 286
46 305
46 336
46 390
46 412
46 413
46 437
46 451
46 461
46 471
46 478
46 485
47 80
47 168
47 189
47 190
47 197
47 234
47 259
47 291
47 347
47 351
47 453
47 464
48 55
48 66
48 80
48 105
48 111
48 126
48 148
48 168
48 182
48 189
48 226
48 251
48 263
48 275
48 348
48 370
48 371
48 440
48 443
48 461
48 482
49 64
49 72
49 93
49 110
49 126
49 163
49 238
49 327
49 346
49 347
49 413
49 418
49 445
49 455
49 495
50 74
50 104
50 117
50 176
50 202
50 205
50 272
50 300
50 318
50 320
50 328
50 330
50 411
50 417
50 475
51 77
51 81
51 91
51 93
51 162
51 169
51 222
51 262
51 274
51 307
51 458
51 498
52 85
52 119
52 153
52 182
52 213
52 231
52 260
52 274
52 325
52 327
52 336
52 407
52 413
52 415
52 456
52 459
53 56
53 62
53 68
53 102
53 125
53 209
53 280
53 318
53 321
53 335
53 367
53 382
54 93
54 110
54 265
54 479
55 120
55 132
55 141
55 164
55 178
55 196
55 384
55 447
55 454
55 458
55 491
56 91
56 111
56 176
56 240
56 248
56 302
56 329
56 399
56 459
56 463
56 473
56 477
57 107
57 132
57 181
57 233
57 275
57 279
57 289
57 312
57 325
57 338
57 361
57 390
57 476
57 493
58 69
58 131
58 142
58 155
58 230
58 235
58 305
58 325
58 337
58 345
58 394
58 399
58 450
58 457
59 76
59 129
59 130
59 206
59 214
59 291
59 333
59 339
59 397
59 414
59 457
59 466
59 495
59 499
60 88
60 95
60 160
60 222
60 232
60 252
60 309
60 438
60 440
61 79
61 97
61 110
61 119
61 142
61 231
61 253
61 278
61 323
61 337
61 343
61 383
61 396
61 400
61 401
61 457
62 67
62 96
62 125
62 128
62 141
62 175
62 176
62 205
62 266
62 322
62 345
62 414
62 478
63 71
63 112
63 124
63 145
63 178
63 204
63 229
63 259
63 313
63 351
63 355
63 396
63 397
64 76
64 93
64 118
64 202
64 220
64 299
64 427
64 428
64 434
64 460
64 492
64 498
65 117
65 147
65 189
65 200
65 262
65 271
65 294
65 300
65 369
65 377
65 408
65 419
65 431
65 469
65 475
65 498
66 84
66 205
66 234
66 278
66 310
66 331
66 353
66 365
66 400
66 460
66 497
67 91
67 113
67 175
67 184
67 251
67 262
67 308
67 328
67 331
67 352
67 391
68 133
68 143
68 192
68 272
68 336
68 347
68 358
68 383
68 429
68 456
68 458
69 133
69 144
69 148
69 159
69 175
69 289
69 330
69 345
69 363
69 374
69 432
69 449
69 450
70 115
70 137
70 139
70 212
70 234
70 235
70 273
70 294
70 329
70 332
70 358
70 360
70 365
70 369
70 374
70 472
71 76
71 88
71 91
71 118
71 185
71 191
71 286
71 362
71 425
71 436
71 438
71 441
72 102
72 140
72 159
72 208
72 235
72 252
72 278
72 383
72 388
72 400
72 412
72 421
72 422
72 472
72 498
73 84
73 92
73 109
73 135
73 188
73 211
73 225
73 290
73 367
73 408
74 89
74 104
74 110
74 123
74 311
74 312
74 314
74 317
74 414
75 105
75 115
75 142
75 159
75 162
75 198
75 313
75 328
75 345
75 353
75 372
75 402
75 409
75 410
75 484
75 493
76 80
76 119
76 179
76 241
76 284
76 295
76 387
76 398
76 400
76 413
76 433
76 443
77 103
77 105
77 115
77 123
77 140
77 156
77 181
77 350
77 416
77 452
77 484
78 86
78 123
78 127
78 175
78 200
78 226
78 227
78 238
78 241
78 264
78 310
78 350
78 401
78 405
78 409
79 156
79 159
79 180
79 182
79 229
79 280
79 319
79 416
79 419
79 450
79 463
79 468
79 469
80 98
80 100
80 103
80 114
80 178
80 240
80 262
80 272
80 312
80 324
80 340
80 379
80 387
80 401
80 410
80 433
80 482
81 83
81 171
81 182
81 208
81 216
81 275
81 290
81 302
81 330
81 399
81 403
81 410
81 472
82 117
82 120
82 205
82 215
82 222
82 235
82 307
82 324
82 338
82 370
82 436
82 462
83 97
83 177
83 189
83 243
83 347
83 354
83 358
83 370
83 396
83 399
83 481
84 108
84 169
84 248
84 254
84 366
84 381
84 382
84 401
84 428
85 120
85 144
85 167
85 199
85 259
85 325
85 363
85 366
85 371
85 396
85 420
85 424
86 93
86 108
86 109
86 139
86 166
86 182
86 198
86 234
86 283
86 317
86 358
86 373
86 450
87 106
87 153
87 168
87 246
87 294
87 304
87 355
87 398
87 421
87 442
87 447
87 491
88 159
88 205
88 209
88 215
88 250
88 276
88 294
88 315
88 318
88 340
88 348
88 360
88 385
88 459
88 485
88 491
88 494
89 138
89 156
89 166
89 234
89 263
89 293
89 295
89 302
89 336
89 341
89 408
89 429
89 465
89 479
90 91
90 94
90 100
90 110
90 111
90 164
90 181
90 231
90 245
90 280
90 283
90 329
90 392
90 415
90 468
90 483
91 92
91 96
91 102
91 126
91 130
91 177
91 332
91 347
91 391
91 419
91 420
91 423
91 426
91 439
92 179
92 193
92 307
92 327
92 340
92 341
92 359
92 432
92 442
92 471
92 480
93 112
93 190
93 200
93 229
93 238
93 290
93 323
93 365
93 373
93 412
93 414
93 428
93 498
94 142
94 145
94 147
94 164
94 169
94 182
94 209
94 226
94 248
94 320
94 359
94 435
94 489
95 122
95 127
95 129
95 135
95 155
95 198
95 237
95 286
95 303
95 349
95 377
95 399
95 415
95 475
95 484
96 107
96 116
96 151
96 171
96 194
96 248
96 249
96 290
96 292
96 300
96 312
96 316
96 359
96 370
96 410
96 428
96 430
96 458
96 464
97 115
97 168
97 233
97 278
97 283
97 329
97 356
97 378
97 430
98 102
98 183
98 218
98 241
98 278
98 297
98 307
98 315
98 355
98 393
98 415
98 423
98 435
98 484
99 118
99 132
99 195
99 213
99 231
99 317
99 380
99 390
99 391
99 456
99 495
100 199
100 281
100 285
100 289
100 346
100 383
100 393
100 408
100 487
100 491
101 172
101 180
101 224
101 337
101 359
101 360
101 385
101 466
101 478
102 114
102 124
102 139
102 162
102 163
102 197
102 298
102 310
102 381
102 394
102 420
102 422
102 445
102 451
102 485
102 489
102 494
103 125
103 143
103 184
103 237
103 369
104 110
104 152
104 240
104 250
104 319
104 320
104 353
104 388
104 394
104 404
104 410
104 412
104 413
104 435
104 489
105 112
105 113
105 129
105 235
105 249
105 273
105 368
105 372
105 398
106 116
106 123
106 150
106 186
106 193
106 211
106 221
106 246
106 252
106 317
106 411
106 428
106 467
106 483
107 168
107 212
107 258
107 262
107 273
107 304
107 317
107 335
107 350
107 410
107 475
107 488
107 498
108 123
108 153
108 175
108 183
108 184
108 223
108 243
108 284
108 303
108 308
108 357
108 383
108 392
109 202
109 222
109 223
109 258
109 266
109 267
109 268
109 324
109 329
109 435
109 449
109 454
110 144
110 151
110 174
110 293
110 314
110 332
110 349
110 364
110 390
110 439
110 451
110 454
110 492
111 116
111 178
111 221
111 238
111 253
111 254
111 309
111 370
111 434
111 435
111 442
112 160
112 208
112 225
112 230
112 322
112 335
112 350
112 388
112 409
113 131
113 189
113 257
113 280
113 333
113 392
113 398
113 439
113 476
113 489
113 495
113 497
114 131
114 156
114 162
114 193
114 194
114 196
114 234
114 280
114 326
114 330
114 426
114 441
114 454
115 116
115 141
115 162
115 197
115 265
115 335
115 342
115 369
115 370
115 400
115 449
116 188
116 213
116 216
116 224
116 241
116 264
116 313
116 445
116 452
116 477
116 489
117 132
117 164
117 172
117 193
117 200
117 234
117 261
117 278
117 296
117 340
117 420
117 455
117 467
118 184
118 214
118 254
118 272
118 356
118 376
118 411
118 425
118 437
118 463
119 135
119 137
119 173
119 207
119 221
119 254
119 256
119 263
119 267
119 368
119 371
119 468
119 477
119 495
120 178
120 186
120 220
120 255
120 300
120 307
120 322
120 326
120 358
120 378
120 404
120 452
120 465
120 491
120 497
121 149
121 208
121 245
121 279
121 289
121 292
121 293
121 299
121 402
121 416
121 441
121 447
121 471
122 126
122 129
122 155
122 176
122 298
122 401
122 411
122 421
122 487
123 145
123 151
123 233
123 346
123 365
123 416
124 131
124 155
124 206
124 215
124 294
124 344
124 401
124 405
124 408
124 422
124 443
124 486
125 154
125 184
125 234
125 283
125 300
125 303
125 345
125 375
125 385
125 390
125 455
125 468
125 488
126 189
126 283
126 286
126 287
126 299
126 318
126 347
126 367
126 392
126 400
126 410
126 420
126 424
126 456
127 161
127 166
127 316
127 366
127 374
127 402
127 426
127 465
127 491
128 174
128 180
128 218
128 276
128 301
128 305
128 315
128 336
128 356
128 431
128 438
129 269
129 272
129 279
129 303
129 321
129 336
129 362
129 387
129 396
129 470
129 496
130 156
130 160
130 198
130 240
130 258
130 278
130 311
130 316
130 423
130 493
131 179
131 180
131 262
131 264
131 323
131 348
131 385
131 393
131 401
131 441
131 453
131 490
131 498
132 135
132 203
132 266
132 329
132 406
132 411
132 495
133 169
133 184
133 197
133 238
133 264
133 276
133 285
133 320
133 339
133 353
133 363
133 375
133 399
133 414
133 423
133 446
134 144
134 194
134 219
134 283
134 299
134 333
134 381
134 387
135 159
135 229
135 273
135 290
135 296
135 356
135 375
135 380
135 386
135 424
135 474
135 492
136 162
136 163
136 202
136 264
136 271
136 295
136 344
136 361
136 374
136 421
136 481
137 171
137 186
137 241
137 377
137 384
137 396
137 460
137 485
138 202
138 225
138 262
138 270
138 293
138 308
138 369
138 417
138 473
138 495
139 140
139 141
139 172
139 185
139 202
139 218
139 219
139 245
139 288
139 323
139 336
139 402
139 468
139 475
140 190
140 218
140 226
140 248
140 250
140 367
140 390
140 399
140 410
140 449
140 488
141 149
141 150
141 169
141 197
141 280
141 282
141 286
141 394
141 417
142 147
142 149
142 163
142 185
142 257
142 286
142 350
142 356
142 413
142 450
143 152
143 184
143 192
143 253
143 301
143 309
143 356
143 387
143 392
143 408
143 412
143 457
143 487
143 488
144 148
144 173
144 211
144 218
144 225
144 312
144 318
144 365
144 413
144 428
144 451
144 459
145 281
145 303
145 322
145 345
145 377
145 379
145 384
145 397
145 405
145 415
145 438
145 492
146 197
146 363
146 385
146 443
146 480
146 488
146 489
147 160
147 162
147 175
147 245
147 310
147 311
147 329
147 347
147 404
147 439
148 195
148 215
148 253
148 276
148 288
148 351
148 428
148 445
148 450
148 456
149 168
149 189
149 211
149 233
149 345
149 394
149 402
149 425
149 499
150 157
150 191
150 196
150 208
150 222
150 229
150 342
150 368
150 392
150 418
151 194
151 236
151 262
151 340
151 348
151 400
151 411
151 420
151 433
151 494
152 234
152 255
152 282
152 307
152 323
152 368
152 377
152 380
152 422
152 482
153 158
153 176
153 184
153 207
153 256
153 286
153 321
153 326
153 329
153 341
153 366
153 409
153 470
153 481
153 488
153 491
154 186
154 190
154 202
154 211
154 235
154 237
154 267
154 325
154 370
154 397
154 398
154 436
154 441
154 450
155 167
155 178
155 187
155 199
155 258
155 291
155 311
155 361
155 387
155 396
155 414
155 473
155 493
156 218
156 247
156 255
156 303
156 316
156 371
156 389
156 410
156 411
156 415
156 422
156 486
157 170
157 216
157 244
157 424
157 459
158 160
158 324
158 342
158 347
158 369
158 390
158 425
158 435
158 442
159 164
159 169
159 200
159 202
159 322
159 343
159 369
159 379
159 392
159 449
159 457
160 169
160 174
160 184
160 187
160 192
160 235
160 236
160 239
160 243
160 244
160 247
160 263
160 269
160 296
160 344
160 403
160 406
160 430
160 490
161 180
161 311
161 364
161 370
161 372
161 419
161 421
161 487
162 169
162 196
162 204
162 209
162 254
162 305
162 314
162 350
162 374
162 390
162 404
162 437
162 443
162 450
162 454
163 175
163 217
163 222
163 244
163 263
163 264
163 308
163 329
163 358
163 379
163 380
163 410
163 424
163 441
163 447
163 486
164 226
164 292
164 388
164 389
164 402
164 421
164 488
164 496
165 265
165 269
165 291
165 293
165 362
165 375
165 394
166 218
166 224
166 232
166 257
166 313
166 340
166 354
166 394
166 400
166 401
166 465
167 190
167 246
167 265
167 283
167 288
167 332
167 439
167 453
167 468
167 499
168 216
168 249
168 256
168 263
168 291
168 358
168 413
168 447
168 449
168 452
168 493
169 172
169 212
169 241
169 246
169 284
169 293
169 317
169 323
169 336
169 430
170 171
170 181
170 184
170 206
170 231
170 244
170 378
170 451
170 465
170 485
171 207
171 260
171 415
171 418
171 466
171 471
171 475
172 189
172 239
172 243
172 245
172 287
172 327
172 391
172 404
172 452
172 490
173 220
173 248
173 265
173 274
173 296
173 299
173 355
173 397
173 467
173 498
174 232
174 252
174 313
174 334
174 402
174 429
174 430
174 481
174 483
175 263
175 268
175 284
175 289
175 309
175 315
175 374
175 444
175 455
175 457
175 460
175 466
175 478
176 212
176 226
176 234
176 301
176 384
176 414
176 416
176 479
176 487
177 198
177 202
177 216
177 255
177 256
177 273
177 312
177 316
177 365
177 368
177 424
177 434
177 459
177 480
178 212
178 215
178 244
178 260
178 372
178 411
178 439
178 475
179 208
179 239
179 268
179 416
179 464
179 476
180 183
180 204
180 220
180 263
180 296
180 306
180 317
180 356
180 391
180 413
180 481
181 242
181 255
181 260
181 355
181 387
181 396
181 483
181 492
182 216
182 217
182 267
182 294
182 333
182 346
182 358
182 372
182 457
183 194
183 224
183 232
183 323
183 326
183 345
183 364
183 371
183 387
183 388
183 399
184 195
184 224
184 237
184 246
184 270
184 300
184 353
184 386
184 392
184 417
184 493
185 235
185 239
185 253
185 302
185 314
185 336
185 405
185 406
185 453
185 492
186 188
186 207
186 250
186 277
186 309
186 322
186 334
186 426
186 460
187 336
187 341
187 366
187 421
187 447
187 488
188 338
188 352
189 197
189 223
189 232
189 235
189 291
189 309
189 387
189 393
189 494
190 292
190 305
190 329
190 353
190 371
190 384
190 401
190 413
191 201
191 218
191 292
191 323
191 354
191 395
191 427
191 453
191 462
192 283
192 306
192 341
192 379
192 404
192 406
192 427
192 466
192 475
192 488
192 497
193 220
193 249
193 336
193 413
193 434
194 214
194 288
194 300
194 408
194 443
194 459
194 492
194 495
195 198
195 205
195 218
195 247
195 281
195 358
195 490
196 250
196 264
196 406
196 456
196 499
197 234
197 252
197 299
197 314
197 373
197 398
198 249
198 256
198 265
198 325
198 342
198 346
198 382
198 409
198 426
198 445
198 468
199 224
199 237
199 247
199 259
199 268
199 287
199 301
199 318
199 397
199 432
199 441
199 480
200 220
200 265
200 279
200 312
200 318
200 334
200 375
200 378
200 411
200 453
200 473
200 476
201 219
201 431
202 238
202 256
202 262
202 274
202 286
202 348
202 380
202 438
202 440
202 450
203 266
203 295
203 307
203 349
203 372
203 416
203 482
203 491
203 497
204 322
204 347
204 352
204 379
204 401
204 418
204 419
204 440
204 460
205 210
205 212
205 257
205 335
205 370
205 477
205 491
206 212
206 239
206 261
206 300
206 348
206 422
206 444
206 491
207 212
207 294
207 349
207 410
207 418
207 454
207 476
208 225
208 268
208 299
208 338
208 359
208 399
209 244
209 249
209 369
209 370
209 373
209 426
209 434
210 287
210 293
210 301
210 385
210 493
211 262
211 269
211 329
211 384
211 464
211 469
212 293
212 387
212 392
212 399
213 214
213 220
213 238
213 358
213 376
213 445
213 446
213 450
214 274
214 322
214 332
214 371
214 408
214 453
214 488
215 229
215 238
215 243
215 278
215 292
215 385
215 446
215 458
215 489
215 493
215 497
216 260
216 264
216 279
216 302
216 409
216 423
216 449
216 482
216 491
217 221
217 297
217 326
217 384
217 469
217 474
217 480
217 492
218 280
218 299
218 336
218 347
218 375
218 396
218 427
218 428
218 456
218 480
218 495
219 222
219 286
219 291
219 313
219 404
219 432
219 472
220 239
220 268
220 289
220 297
220 324
220 350
220 373
220 467
220 491
221 234
221 334
221 345
221 440
221 447
221 469
221 476
221 493
221 496
222 299
222 302
222 311
222 321
222 350
222 388
222 459
222 477
223 250
223 304
223 338
223 350
223 479
223 494
224 248
224 291
224 308
224 316
224 333
224 354
224 391
224 392
224 433
224 452
224 454
224 460
225 230
225 282
225 311
225 361
225 365
225 366
225 441
225 451
225 499
226 244
226 256
226 321
226 415
226 423
226 441
226 475
227 298
227 309
227 355
227 356
227 437
227 440
227 469
227 497
227 498
228 290
228 374
228 399
228 485
229 231
229 234
229 255
229 276
229 352
229 406
229 408
229 450
229 478
230 265
230 310
230 355
230 357
230 393
230 475
230 484
230 485
230 488
231 261
231 277
231 282
231 283
231 285
231 300
231 370
231 381
231 451
231 472
232 263
232 277
232 289
232 374
232 381
232 387
232 398
232 438
232 442
232 449
232 468
232 476
233 247
233 263
233 300
233 307
233 311
233 373
233 375
233 383
233 404
233 410
233 455
233 494
234 237
234 286
234 288
234 310
234 347
234 419
234 425
234 443
234 470
234 473
234 491
235 243
235 253
235 273
235 348
235 360
235 364
235 426
235 499
236 246
236 269
236 302
236 335
236 386
236 387
236 404
236 415
236 421
236 427
236 451
236 468
236 495
237 244
237 248
237 280
237 324
237 375
237 389
237 443
238 333
238 334
238 359
238 389
238 420
238 493
239 252
239 269
239 356
239 419
239 437
239 452
239 488
239 498
240 321
240 353
240 384
240 441
241 262
241 285
241 370
241 395
241 408
241 464
241 484
242 257
242 259
242 320
242 385
242 436
242 458
242 495
243 347
243 385
243 403
243 474
244 283
244 378
244 391
244 444
244 467
244 494
245 291
245 324
245 327
245 353
245 427
246 260
246 294
246 348
246 387
246 438
246 456
247 257
247 262
247 302
247 394
247 497
248 260
248 294
248 299
248 395
248 495
249 300
249 359
249 375
249 406
249 421
249 423
250 285
250 321
250 346
250 383
250 498
251 280
251 287
251 304
251 326
251 369
251 380
251 412
251 453
252 300
252 301
252 316
252 355
252 376
252 384
252 416
252 422
253 263
253 276
253 277
253 291
253 312
253 326
253 490
254 262
254 278
254 313
254 362
254 365
254 415
254 452
255 264
255 297
255 314
255 398
255 431
256 280
256 397
256 419
257 266
257 267
257 284
257 286
257 319
257 342
257 363
257 378
257 381
257 430
257 438
257 475
258 272
258 300
258 314
258 386
258 391
258 404
258 457
259 282
259 297
259 345
259 384
259 385
259 397
259 398
259 456
259 457
259 475
259 483
259 487
260 307
260 320
260 368
260 385
260 440
261 335
261 344
261 353
261 359
261 403
261 408
261 452
261 459
261 481
261 486
262 269
262 287
262 337
262 446
262 461
263 319
263 344
263 360
263 403
263 411
263 414
263 462
264 290
264 368
264 420
264 422
264 479
265 371
265 391
265 404
265 496
266 324
266 328
266 441
266 454
266 467
266 472
266 494
267 269
267 296
267 329
267 336
267 346
267 361
267 408
267 426
267 440
267 447
268 282
268 285
268 338
268 366
268 401
268 474
268 480
268 483
268 490
269 313
269 333
269 343
269 344
269 384
269 451
269 479
269 496
270 321
270 339
270 405
270 428
270 469
271 338
271 349
271 352
271 358
271 398
271 435
272 293
272 300
272 323
272 379
272 407
272 464
273 314
273 327
273 380
273 384
273 433
273 437
273 450
273 455
273 486
274 275
274 277
274 278
274 282
274 312
274 313
274 321
274 330
274 338
274 339
274 442
274 471
274 489
275 282
275 353
275 360
275 379
275 391
275 399
275 435
275 442
275 457
275 459
275 479
276 355
276 398
276 403
276 446
276 493
277 314
277 325
277 360
277 375
277 394
277 405
277 449
277 467
277 489
277 497
278 433
278 441
278 479
278 484
279 285
279 381
279 396
279 458
279 461
279 484
280 370
280 378
280 396
280 420
280 431
281 287
281 299
281 488
281 490
282 296
282 333
282 346
282 347
282 475
282 481
283 320
283 332
283 338
283 344
283 352
283 371
283 419
283 421
283 464
283 487
284 384
285 320
285 324
285 389
285 409
285 432
285 463
285 499
286 287
286 306
286 332
286 367
286 377
286 387
286 415
286 418
286 433
286 465
286 476
286 483
287 317
287 364
287 377
287 418
288 416
288 430
288 466
288 472
288 492
289 314
289 318
289 322
289 339
289 343
289 395
289 402
290 291
290 370
290 425
290 499
291 300
291 327
291 340
291 375
291 452
292 356
292 487
293 303
293 313
293 426
293 478
293 497
294 310
294 349
294 404
294 413
295 320
295 348
295 396
295 399
295 454
295 465
296 325
296 330
296 339
296 457
297 299
297 301
297 340
297 360
297 367
297 379
297 421
297 445
298 305
298 334
298 355
298 424
298 481
299 322
299 337
299 381
299 384
299 389
299 451
299 471
300 321
300 348
300 420
300 427
300 430
300 490
301 310
301 330
301 344
301 424
301 430
301 470
302 308
302 314
302 327
302 390
302 404
302 406
302 498
303 309
303 324
303 378
303 383
303 387
303 463
304 306
304 307
304 323
304 353
304 385
305 340
305 353
305 360
305 367
305 373
305 393
305 438
305 472
305 479
306 325
306 362
306 398
306 427
306 436
306 437
306 465
306 474
307 350
307 433
307 437
307 439
307 444
307 452
307 470
307 481
307 486
308 349
308 354
308 413
309 470
310 385
310 420
310 448
310 480
311 312
311 354
311 375
311 381
311 467
311 498
312 329
312 338
312 346
312 442
312 463
312 489
313 397
313 421
314 358
314 367
314 398
314 433
314 457
315 340
315 408
315 463
315 467
315 494
316 369
316 392
316 448
317 354
317 385
317 432
317 437
318 322
318 367
318 377
318 401
318 406
318 415
318 418
319 326
319 432
320 396
320 448
321 371
321 402
321 425
321 447
321 479
321 482
322 326
322 381
323 356
323 369
323 400
323 402
323 437
323 495
324 341
324 379
324 381
324 396
324 413
324 416
324 430
324 434
324 437
324 456
324 479
325 400
325 417
325 462
325 490
326 394
326 395
327 383
327 479
328 329
328 358
328 373
328 409
328 430
328 477
328 478
329 331
329 366
329 378
329 385
329 391
329 403
329 448
329 459
330 361
330 388
330 424
330 456
330 477
330 483
331 364
331 366
331 377
331 419
331 442
331 448
331 490
332 341
332 358
332 452
332 499
333 371
333 378
333 386
333 395
333 443
333 470
333 473
333 487
334 388
334 418
334 421
335 382
335 387
335 395
335 446
335 461
335 466
335 497
336 341
336 364
336 434
336 474
336 494
337 355
337 400
337 423
337 427
338 347
338 389
338 415
338 494
339 402
339 424
339 452
339 488
340 444
340 452
340 497
341 401
341 429
341 430
341 490
342 348
342 361
342 388
342 411
342 441
342 443
342 448
343 379
343 450
343 475
344 350
344 391
344 477
344 497
345 413
345 469
346 391
347 407
347 408
347 463
348 386
348 434
349 380
349 384
349 404
349 425
349 427
349 443
349 482
350 360
350 376
350 396
351 365
351 371
351 379
351 388
351 414
351 429
351 492
352 372
352 378
352 383
352 388
352 450
352 494
353 409
353 413
353 477
354 384
354 429
354 453
354 472
355 442
355 456
355 468
356 394
356 421
356 425
357 362
357 368
357 402
357 475
357 487
357 491
358 386
358 398
358 466
358 470
359 414
359 486
360 391
360 393
360 403
360 433
360 449
360 492
361 363
361 419
361 443
361 450
362 384
362 385
362 495
364 396
364 398
364 426
364 484
364 491
364 497
365 389
365 470
365 490
365 494
366 380
366 404
366 418
366 430
366 436
366 463
366 467
366 472
366 479
367 403
367 462
367 476
367 492
367 495
368 375
368 383
368 391
369 371
369 403
369 430
369 463
369 473
370 415
371 463
372 427
372 493
373 413
373 417
373 433
373 441
373 487
374 415
374 466
375 377
375 395
375 458
376 455
376 456
376 472
376 488
377 417
377 437
377 469
378 402
378 435
378 459
379 405
379 444
379 461
379 496
380 403
380 413
380 433
380 437
380 445
380 466
380 495
381 383
381 464
381 492
382 409
382 426
382 442
382 452
382 497
383 385
383 422
383 449
383 451
383 481
384 393
384 460
384 482
385 423
385 455
385 478
386 427
386 444
387 426
387 463
387 472
388 425
388 434
388 437
388 479
388 480
389 395
389 472
389 479
390 404
390 438
390 464
391 406
391 449
392 401
392 404
392 412
392 416
392 435
392 454
392 456
393 426
393 491
394 444
394 446
394 453
394 477
395 437
395 447
395 454
396 423
397 433
397 472
398 404
398 430
398 444
398 493
399 401
400 457
401 482
401 491
402 441
404 445
404 446
404 486
405 459
406 412
407 423
407 427
407 441
407 465
408 426
408 457
408 462
408 473
408 484
409 424
409 435
409 487
410 412
410 419
410 426
410 436
410 442
410 479
410 496
411 453
412 423
412 425
412 437
413 433
413 446
413 476
414 477
414 493
415 436
415 468
416 426
416 439
417 484
418 428
418 443
419 426
419 457
419 486
420 460
420 490
421 434
421 450
421 498
421 499
422 433
423 426
423 443
423 448
423 465
423 497
424 434
424 457
425 442
425 463
425 476
425 477
425 479
426 436
426 446
426 450
428 454
428 469
429 489
430 433
430 497
431 439
431 481
432 434
433 446
433 452
433 486
434 482
435 452
435 457
435 477
435 492
436 447
436 472
437 445
437 491
437 493
438 460
439 484
441 468
445 447
447 450
448 474
449 459
451 474
453 473
453 491
455 477
455 491
456 464
456 471
456 489
457 472
458 474
458 499
459 491
460 474
461 465
461 485
461 494
462 486
463 473
463 484
466 473
466 498
467 488
469 474
469 489
469 498
470 483
473 491
473 499
476 491
477 485
480 486
480 491
480 495
482 486
498 499
