# Erdos-Renyi general graph G(n, p)
# nodes=100 edge_probability=0.03 seed=42 edges=138
# first data line: '<node count> <edge count>', then one '<source> <target>' pair per line
100 138
0 2
0 10
0 13
0 20
1 3
1 27
1 29
2 75
2 96
3 7
3 34
3 52
3 78
4 9
4 30
4 42
4 96
5 14
5 22
5 25
5 39
5 49
5 64
6 17
6 26
6 65
7 20
9 37
10 22
10 32
10 79
10 92
10 99
11 12
12 16
12 24
12 59
12 65
12 76
12 84
14 93
14 99
15 27
15 44
15 65
17 27
17 79
18 47
19 31
19 48
20 38
20 67
21 27
22 37
22 38
22 54
23 50
24 37
24 45
24 47
24 51
24 78
25 52
25 72
25 81
27 36
27 48
27 81
28 61
29 81
30 39
30 59
30 64
30 83
31 65
32 48
32 96
33 43
33 50
34 55
34 66
34 80
35 75
35 90
35 98
36 93
37 84
39 61
39 90
40 65
40 68
40 72
42 59
42 75
43 63
43 96
44 96
45 98
48 49
48 80
49 87
50 65
50 92
51 79
52 75
52 98
54 93
55 62
56 86
57 82
58 71
59 72
59 82
60 99
62 76
63 79
63 90
64 69
64 95
65 66
65 70
65 74
66 69
67 97
69 82
69 86
73 76
74 92
76 90
77 87
77 91
78 80
78 90
78 96
79 90
80 88
84 93
94 97
